# The following table is formatted as tab separated values. 
#GeneName	GeneId	TranscriptId	BioType	variants_impact_HIGH	variants_impact_LOW	variants_impact_MODERATE	variants_impact_MODIFIER	variants_effect_3_prime_UTR_variant	variants_effect_5_prime_UTR_premature_start_codon_gain_variant	variants_effect_5_prime_UTR_variant	variants_effect_downstream_gene_variant	variants_effect_intron_variant	variants_effect_missense_variant	variants_effect_non_coding_transcript_exon_variant	variants_effect_splice_acceptor_variant	variants_effect_splice_region_variant	variants_effect_stop_gained	variants_effect_stop_lost	variants_effect_synonymous_variant	variants_effect_upstream_gene_variant
5S_rRNA	ENSCHAG00000002962	ENSCHAT00000005084	rRNA	0	0	0	7	0	0	0	2	0	0	0	0	0	0	0	0	5
DPYSL2	ENSCHAG00000014643	ENSCHAT00000041567	protein_coding	0	0	0	7	0	0	0	0	2	0	0	0	0	0	0	0	5
DPYSL2	ENSCHAG00000014643	ENSCHAT00000041628	protein_coding	0	0	0	2	0	0	0	0	1	0	0	0	0	0	0	0	1
DPYSL2	ENSCHAG00000014643	ENSCHAT00000041744	protein_coding	0	0	0	2	0	0	0	0	1	0	0	0	0	0	0	0	1
DPYSL2	ENSCHAG00000014643	ENSCHAT00000041946	protein_coding	0	0	0	2	0	0	0	0	1	0	0	0	0	0	0	0	1
DPYSL2	ENSCHAG00000014643	ENSCHAT00000041992	protein_coding	0	0	0	2	0	0	0	0	1	0	0	0	0	0	0	0	1
DPYSL2	ENSCHAG00000014643	ENSCHAT00000042167	protein_coding	0	0	0	2	0	0	0	0	1	0	0	0	0	0	0	0	1
DPYSL2	ENSCHAG00000014643	ENSCHAT00000042180	protein_coding	0	0	0	2	0	0	0	0	1	0	0	0	0	0	0	0	1
DPYSL2	ENSCHAG00000014643	ENSCHAT00000042231	protein_coding	0	0	0	2	0	0	0	0	1	0	0	0	0	0	0	0	1
DPYSL2	ENSCHAG00000014643	ENSCHAT00000042335	protein_coding	0	0	0	2	0	0	0	0	1	0	0	0	0	0	0	0	1
DPYSL2	ENSCHAG00000014643	ENSCHAT00000042376	protein_coding	0	0	0	2	0	0	0	0	1	0	0	0	0	0	0	0	1
ENSCHAG00000000329	ENSCHAG00000000329	ENSCHAT00000000538	protein_coding	0	0	0	1	0	0	0	1	0	0	0	0	0	0	0	0	0
ENSCHAG00000000424	ENSCHAG00000000424	ENSCHAT00000000708	protein_coding	0	0	0	14	2	0	0	1	11	0	0	0	0	0	0	0	0
ENSCHAG00000000424	ENSCHAG00000000424	ENSCHAT00000000735	protein_coding	0	0	0	12	2	0	0	1	9	0	0	0	0	0	0	0	0
ENSCHAG00000000424	ENSCHAG00000000424	ENSCHAT00000000765	protein_coding	0	0	0	12	2	0	0	1	9	0	0	0	0	0	0	0	0
ENSCHAG00000000424	ENSCHAG00000000424	ENSCHAT00000000776	protein_coding	0	0	0	12	2	0	0	1	9	0	0	0	0	0	0	0	0
ENSCHAG00000000424	ENSCHAG00000000424	ENSCHAT00000000786	protein_coding	0	0	0	12	2	0	0	1	9	0	0	0	0	0	0	0	0
ENSCHAG00000000424	ENSCHAG00000000424	ENSCHAT00000000792	protein_coding	0	0	0	12	2	0	0	1	9	0	0	0	0	0	0	0	0
ENSCHAG00000000424	ENSCHAG00000000424	ENSCHAT00000000804	protein_coding	0	0	0	11	2	0	0	1	4	0	0	0	0	0	0	0	4
ENSCHAG00000000847	ENSCHAG00000000847	ENSCHAT00000001324	protein_coding	0	0	1	32	0	0	0	0	28	1	0	0	0	0	0	0	4
ENSCHAG00000000847	ENSCHAG00000000847	ENSCHAT00000001349	protein_coding	0	0	1	27	0	0	0	0	23	1	0	0	0	0	0	0	4
ENSCHAG00000000847	ENSCHAG00000000847	ENSCHAT00000001361	protein_coding	0	0	1	27	0	0	0	0	23	1	0	0	0	0	0	0	4
ENSCHAG00000000847	ENSCHAG00000000847	ENSCHAT00000001376	protein_coding	0	0	1	21	3	0	0	5	9	1	0	0	0	0	0	0	4
ENSCHAG00000000847	ENSCHAG00000000847	ENSCHAT00000001438	protein_coding	0	0	0	27	0	0	0	0	24	0	0	0	0	0	0	0	3
ENSCHAG00000001450	ENSCHAG00000001450	ENSCHAT00000002371	protein_coding	0	0	0	49	0	0	0	5	40	0	0	0	0	0	0	0	4
ENSCHAG00000001450	ENSCHAG00000001450	ENSCHAT00000002410	protein_coding	0	2	0	7	0	0	0	3	1	0	0	0	2	0	0	1	4
ENSCHAG00000001527	ENSCHAG00000001527	ENSCHAT00000002458	protein_coding	0	0	0	29	0	0	0	1	26	0	0	0	0	0	0	0	2
ENSCHAG00000001551	ENSCHAG00000001551	ENSCHAT00000002506	protein_coding	0	0	0	7	0	0	0	2	5	0	0	0	0	0	0	0	0
ENSCHAG00000001559	ENSCHAG00000001559	ENSCHAT00000002514	snoRNA	0	0	0	7	0	0	0	2	0	0	0	0	0	0	0	0	5
ENSCHAG00000001565	ENSCHAG00000001565	ENSCHAT00000002551	protein_coding	0	0	1	13	0	0	0	7	0	1	0	0	0	0	0	0	6
ENSCHAG00000001689	ENSCHAG00000001689	ENSCHAT00000002781	protein_coding	0	0	0	11	0	0	0	9	0	0	0	0	0	0	0	0	2
ENSCHAG00000001712	ENSCHAG00000001712	ENSCHAT00000002807	protein_coding	0	1	1	17	0	0	0	6	12	1	0	0	1	0	0	0	0
ENSCHAG00000001712	ENSCHAG00000001712	ENSCHAT00000002814	protein_coding	0	1	1	16	0	0	0	6	11	1	0	0	1	0	0	0	0
ENSCHAG00000001712	ENSCHAG00000001712	ENSCHAT00000002831	protein_coding	0	1	1	16	0	0	0	6	11	1	0	0	1	0	0	0	0
ENSCHAG00000001712	ENSCHAG00000001712	ENSCHAT00000002863	protein_coding	0	1	1	14	0	0	0	6	9	1	0	0	1	0	0	0	0
ENSCHAG00000001712	ENSCHAG00000001712	ENSCHAT00000002935	protein_coding	0	0	0	2	0	0	0	0	2	0	0	0	0	0	0	0	0
ENSCHAG00000001808	ENSCHAG00000001808	ENSCHAT00000003032	protein_coding	0	0	0	1	0	0	0	0	1	0	0	0	0	0	0	0	0
ENSCHAG00000001808	ENSCHAG00000001808	ENSCHAT00000003038	protein_coding	0	0	0	1	0	0	0	0	1	0	0	0	0	0	0	0	0
ENSCHAG00000001808	ENSCHAG00000001808	ENSCHAT00000003052	protein_coding	0	0	0	1	0	0	0	0	1	0	0	0	0	0	0	0	0
ENSCHAG00000001808	ENSCHAG00000001808	ENSCHAT00000003068	protein_coding	0	0	0	1	0	0	0	0	1	0	0	0	0	0	0	0	0
ENSCHAG00000001835	ENSCHAG00000001835	ENSCHAT00000003087	protein_coding	0	0	0	1	0	0	0	0	1	0	0	0	0	0	0	0	0
ENSCHAG00000001866	ENSCHAG00000001866	ENSCHAT00000003129	protein_coding	0	2	1	4	0	0	0	2	0	1	0	0	0	0	0	2	2
ENSCHAG00000001923	ENSCHAG00000001923	ENSCHAT00000003283	protein_coding	0	1	0	1	0	0	0	1	1	0	0	0	1	0	0	0	0
ENSCHAG00000001956	ENSCHAG00000001956	ENSCHAT00000003426	protein_coding	0	0	0	7	0	0	0	6	0	0	0	0	0	0	0	0	1
ENSCHAG00000002018	ENSCHAG00000002018	ENSCHAT00000003555	protein_coding	0	0	0	8	0	0	0	6	2	0	0	0	0	0	0	0	0
ENSCHAG00000002067	ENSCHAG00000002067	ENSCHAT00000003561		0	0	0	6	0	0	0	2	1	0	0	0	0	0	0	0	3
ENSCHAG00000002595	ENSCHAG00000002595	ENSCHAT00000004501		0	0	0	2	0	0	0	1	0	0	0	0	0	0	0	0	1
ENSCHAG00000002971	ENSCHAG00000002971	ENSCHAT00000005110	protein_coding	0	0	0	16	0	0	0	14	0	0	0	0	0	0	0	0	2
ENSCHAG00000003272	ENSCHAG00000003272	ENSCHAT00000005673		0	0	0	11	0	0	0	2	4	0	2	0	0	0	0	0	3
ENSCHAG00000003272	ENSCHAG00000003272	ENSCHAT00000005680		0	0	0	11	0	0	0	2	4	0	2	0	0	0	0	0	3
ENSCHAG00000003272	ENSCHAG00000003272	ENSCHAT00000005688		0	0	0	11	0	0	0	2	4	0	2	0	0	0	0	0	3
ENSCHAG00000003272	ENSCHAG00000003272	ENSCHAT00000005695		0	0	0	11	0	0	0	2	4	0	2	0	0	0	0	0	3
ENSCHAG00000003272	ENSCHAG00000003272	ENSCHAT00000005706		0	0	0	3	0	0	0	0	0	0	0	0	0	0	0	0	3
ENSCHAG00000003272	ENSCHAG00000003272	ENSCHAT00000005715		0	0	0	8	0	0	0	2	4	0	2	0	0	0	0	0	0
ENSCHAG00000003272	ENSCHAG00000003272	ENSCHAT00000005721		0	0	0	8	0	0	0	2	4	0	2	0	0	0	0	0	0
ENSCHAG00000003272	ENSCHAG00000003272	ENSCHAT00000005737		0	0	0	8	0	0	0	2	3	0	2	0	0	0	0	0	1
ENSCHAG00000003272	ENSCHAG00000003272	ENSCHAT00000005745		0	0	0	8	0	0	0	2	3	0	2	0	0	0	0	0	1
ENSCHAG00000003272	ENSCHAG00000003272	ENSCHAT00000005753		0	0	0	7	0	0	0	2	0	0	2	0	0	0	0	0	3
ENSCHAG00000004281	ENSCHAG00000004281	ENSCHAT00000007766		0	0	0	12	0	0	0	9	2	0	0	0	0	0	0	0	1
ENSCHAG00000004833	ENSCHAG00000004833	ENSCHAT00000008873		0	0	0	4	0	0	0	3	0	0	0	0	0	0	0	0	1
ENSCHAG00000005023	ENSCHAG00000005023	ENSCHAT00000009266		0	0	0	2	0	0	0	0	0	0	0	0	0	0	0	0	2
ENSCHAG00000006428	ENSCHAG00000006428	ENSCHAT00000012694		0	0	0	1	0	0	0	0	0	0	0	0	0	0	0	0	1
ENSCHAG00000006467	ENSCHAG00000006467	ENSCHAT00000013833	protein_coding	0	0	0	5	0	0	0	1	4	0	0	0	0	0	0	0	0
ENSCHAG00000006467	ENSCHAG00000006467	ENSCHAT00000013856	protein_coding	0	0	0	5	0	0	0	1	4	0	0	0	0	0	0	0	0
ENSCHAG00000006467	ENSCHAG00000006467	ENSCHAT00000013905	protein_coding	0	0	0	5	0	0	0	1	4	0	0	0	0	0	0	0	0
ENSCHAG00000006467	ENSCHAG00000006467	ENSCHAT00000013924	protein_coding	0	0	0	5	0	0	0	1	4	0	0	0	0	0	0	0	0
ENSCHAG00000006467	ENSCHAG00000006467	ENSCHAT00000013961	protein_coding	0	0	0	4	0	0	0	1	3	0	0	0	0	0	0	0	0
ENSCHAG00000006467	ENSCHAG00000006467	ENSCHAT00000014013	protein_coding	0	0	0	4	0	0	0	1	3	0	0	0	0	0	0	0	0
ENSCHAG00000006885	ENSCHAG00000006885	ENSCHAT00000013736	protein_coding	0	0	2	11	0	0	0	4	0	2	0	0	0	0	0	0	7
ENSCHAG00000006894	ENSCHAG00000006894	ENSCHAT00000013821	protein_coding	0	0	1	12	0	0	0	5	2	1	0	0	0	0	0	0	5
ENSCHAG00000006940	ENSCHAG00000006940	ENSCHAT00000013841		0	0	0	9	0	0	0	3	0	0	0	0	0	0	0	0	6
ENSCHAG00000006942	ENSCHAG00000006942	ENSCHAT00000013918	protein_coding	0	0	0	8	0	0	0	5	1	0	0	0	0	0	0	0	2
ENSCHAG00000006942	ENSCHAG00000006942	ENSCHAT00000013939	protein_coding	0	0	0	8	0	0	0	5	1	0	0	0	0	0	0	0	2
ENSCHAG00000006942	ENSCHAG00000006942	ENSCHAT00000013962	protein_coding	0	0	0	8	0	0	0	5	1	0	0	0	0	0	0	0	2
ENSCHAG00000007004	ENSCHAG00000007004	ENSCHAT00000014029		0	0	0	1	0	0	0	1	0	0	0	0	0	0	0	0	0
ENSCHAG00000007006	ENSCHAG00000007006	ENSCHAT00000014031		0	0	0	8	0	0	0	4	0	0	0	0	0	0	0	0	4
ENSCHAG00000007637	ENSCHAG00000007637	ENSCHAT00000015521		0	0	0	1	0	0	0	1	0	0	0	0	0	0	0	0	0
ENSCHAG00000007640	ENSCHAG00000007640	ENSCHAT00000015523		0	0	0	2	0	0	0	0	1	0	0	0	0	0	0	0	1
ENSCHAG00000008782	ENSCHAG00000008782	ENSCHAT00000018222	protein_coding	0	1	1	0	0	0	0	0	0	1	0	0	0	0	0	1	0
ENSCHAG00000008786	ENSCHAG00000008786	ENSCHAT00000018241	protein_coding	0	0	2	12	1	0	0	2	2	2	0	0	0	0	0	0	7
ENSCHAG00000008786	ENSCHAG00000008786	ENSCHAT00000018248	protein_coding	0	0	2	9	0	0	0	0	2	2	0	0	0	0	0	0	7
ENSCHAG00000008793	ENSCHAG00000008793	ENSCHAT00000018278	protein_coding	0	0	0	2	0	0	0	0	0	0	0	0	0	0	0	0	2
ENSCHAG00000008803	ENSCHAG00000008803	ENSCHAT00000018295	protein_coding	0	0	0	3	0	0	0	0	0	0	0	0	0	0	0	0	3
ENSCHAG00000008808	ENSCHAG00000008808	ENSCHAT00000018329	protein_coding	0	0	0	1	0	0	0	0	0	0	0	0	0	0	0	0	1
ENSCHAG00000008822	ENSCHAG00000008822	ENSCHAT00000018370	protein_coding	0	1	2	9	0	0	0	9	0	2	0	0	0	0	0	1	0
ENSCHAG00000008885	ENSCHAG00000008885	ENSCHAT00000018539	protein_coding	0	0	0	4	0	0	0	3	0	0	0	0	0	0	0	0	1
ENSCHAG00000010498	ENSCHAG00000010498	ENSCHAT00000022686	protein_coding	0	1	0	3	0	0	0	0	1	0	0	0	0	0	0	1	2
ENSCHAG00000010980	ENSCHAG00000010980	ENSCHAT00000023876	protein_coding	0	0	0	82	0	0	0	1	73	0	0	0	0	0	0	0	8
ENSCHAG00000010980	ENSCHAG00000010980	ENSCHAT00000023915	protein_coding	0	0	0	26	7	0	0	0	11	0	0	0	0	0	0	0	8
ENSCHAG00000011013	ENSCHAG00000011013	ENSCHAT00000024006	protein_coding	0	0	0	36	1	0	0	4	22	0	0	0	0	0	0	0	9
ENSCHAG00000012363	ENSCHAG00000012363	ENSCHAT00000027476	protein_coding	0	0	0	1	0	0	0	0	0	0	0	0	0	0	0	0	1
ENSCHAG00000012372	ENSCHAG00000012372	ENSCHAT00000027625	protein_coding	0	0	0	5	0	0	0	1	4	0	0	0	0	0	0	0	0
ENSCHAG00000012372	ENSCHAG00000012372	ENSCHAT00000027663	protein_coding	0	0	0	5	0	0	0	1	4	0	0	0	0	0	0	0	0
ENSCHAG00000012372	ENSCHAG00000012372	ENSCHAT00000027674	protein_coding	0	0	0	5	0	0	0	3	2	0	0	0	0	0	0	0	0
ENSCHAG00000013414	ENSCHAG00000013414	ENSCHAT00000030099	protein_coding	0	0	0	6	0	0	0	1	2	0	0	0	0	0	0	0	3
ENSCHAG00000013460	ENSCHAG00000013460	ENSCHAT00000031702	protein_coding	0	0	0	10	0	0	0	1	5	0	0	0	0	0	0	0	4
ENSCHAG00000013460	ENSCHAG00000013460	ENSCHAT00000031771	protein_coding	0	0	0	10	0	0	0	1	5	0	0	0	0	0	0	0	4
ENSCHAG00000013460	ENSCHAG00000013460	ENSCHAT00000031827	protein_coding	0	0	0	9	0	0	0	0	5	0	0	0	0	0	0	0	4
ENSCHAG00000013460	ENSCHAG00000013460	ENSCHAT00000031854	protein_coding	0	0	0	9	0	0	0	1	4	0	0	0	0	0	0	0	4
ENSCHAG00000013460	ENSCHAG00000013460	ENSCHAT00000031876	protein_coding	0	0	0	3	0	0	0	1	2	0	0	0	0	0	0	0	0
ENSCHAG00000013460	ENSCHAG00000013460	ENSCHAT00000031894	protein_coding	0	0	0	3	0	0	0	1	2	0	0	0	0	0	0	0	0
ENSCHAG00000013947	ENSCHAG00000013947	ENSCHAT00000031537	protein_coding	0	0	0	2	0	0	0	2	0	0	0	0	0	0	0	0	0
ENSCHAG00000013973	ENSCHAG00000013973	ENSCHAT00000031558		0	1	0	13	0	0	0	5	5	0	4	0	1	0	0	0	0
ENSCHAG00000013973	ENSCHAG00000013973	ENSCHAT00000031559		0	1	0	13	0	0	0	5	5	0	4	0	1	0	0	0	0
ENSCHAG00000013977	ENSCHAG00000013977	ENSCHAT00000031564		0	0	0	17	0	0	0	5	0	0	5	0	0	0	0	0	7
ENSCHAG00000013977	ENSCHAG00000013977	ENSCHAT00000031565		0	0	0	17	0	0	0	5	0	0	5	0	0	0	0	0	7
ENSCHAG00000013984	ENSCHAG00000013984	ENSCHAT00000031575	protein_coding	0	6	3	20	0	1	2	4	1	3	0	0	0	0	0	5	13
ENSCHAG00000013984	ENSCHAG00000013984	ENSCHAT00000031590	protein_coding	0	6	3	20	0	1	2	4	1	3	0	0	0	0	0	5	13
ENSCHAG00000014361	ENSCHAG00000014361	ENSCHAT00000032505	protein_coding	0	0	0	4	0	0	0	1	0	0	0	0	0	0	0	0	3
ENSCHAG00000014365	ENSCHAG00000014365	ENSCHAT00000032817	protein_coding	0	0	0	6	0	0	0	2	0	0	0	0	0	0	0	0	4
ENSCHAG00000014365	ENSCHAG00000014365	ENSCHAT00000032886	protein_coding	0	0	0	6	0	0	0	2	0	0	0	0	0	0	0	0	4
ENSCHAG00000014365	ENSCHAG00000014365	ENSCHAT00000032909	protein_coding	0	0	0	6	0	0	0	2	0	0	0	0	0	0	0	0	4
ENSCHAG00000014365	ENSCHAG00000014365	ENSCHAT00000032934	protein_coding	0	0	0	6	0	0	0	2	0	0	0	0	0	0	0	0	4
ENSCHAG00000014391	ENSCHAG00000014391	ENSCHAT00000032526		0	0	0	5	0	0	0	5	0	0	0	0	0	0	0	0	0
ENSCHAG00000014409	ENSCHAG00000014409	ENSCHAT00000032558		0	0	0	3	0	0	0	3	0	0	0	0	0	0	0	0	0
ENSCHAG00000014409	ENSCHAG00000014409	ENSCHAT00000032559		0	0	0	3	0	0	0	3	0	0	0	0	0	0	0	0	0
ENSCHAG00000014532	ENSCHAG00000014532	ENSCHAT00000032850		0	0	0	1	0	0	0	1	0	0	0	0	0	0	0	0	0
ENSCHAG00000014578	ENSCHAG00000014578	ENSCHAT00000033065	protein_coding	0	1	0	7	0	0	0	1	2	0	0	0	0	0	0	1	4
ENSCHAG00000015305	ENSCHAG00000015305	ENSCHAT00000034691		0	0	0	14	0	0	0	4	0	0	4	0	0	0	0	0	6
ENSCHAG00000015836	ENSCHAG00000015836	ENSCHAT00000035988		0	0	0	2	0	0	0	1	0	0	0	0	0	0	0	0	1
ENSCHAG00000015968	ENSCHAG00000015968	ENSCHAT00000036342	protein_coding	0	0	0	1	0	0	0	0	0	0	0	0	0	0	0	0	1
ENSCHAG00000015986	ENSCHAG00000015986	ENSCHAT00000036578	protein_coding	0	0	1	5	0	0	0	0	0	1	0	0	0	0	0	0	5
ENSCHAG00000015986	ENSCHAG00000015986	ENSCHAT00000036640	protein_coding	0	0	1	5	0	0	0	0	0	1	0	0	0	0	0	0	5
ENSCHAG00000015986	ENSCHAG00000015986	ENSCHAT00000036686	protein_coding	0	0	1	5	0	0	0	0	0	1	0	0	0	0	0	0	5
ENSCHAG00000016483	ENSCHAG00000016483	ENSCHAT00000037577	protein_coding	0	0	0	11	0	0	0	6	4	0	0	0	0	0	0	0	1
ENSCHAG00000016504	ENSCHAG00000016504	ENSCHAT00000037594		0	0	0	11	0	0	0	1	5	0	3	0	0	0	0	0	2
ENSCHAG00000016708	ENSCHAG00000016708	ENSCHAT00000038054		0	0	0	2	0	0	0	0	0	0	0	0	0	0	0	0	2
ENSCHAG00000016736	ENSCHAG00000016736	ENSCHAT00000038122		0	0	0	2	0	0	0	1	0	0	1	0	0	0	0	0	0
ENSCHAG00000016840	ENSCHAG00000016840	ENSCHAT00000038496	protein_coding	0	0	0	10	0	0	0	3	0	0	0	0	0	0	0	0	7
ENSCHAG00000017082	ENSCHAG00000017082	ENSCHAT00000039092	protein_coding	0	0	0	3	0	0	0	1	0	0	0	0	0	0	0	0	2
ENSCHAG00000017130	ENSCHAG00000017130	ENSCHAT00000039208	protein_coding	0	0	1	4	0	0	0	2	0	1	0	0	0	0	0	0	2
ENSCHAG00000017140	ENSCHAG00000017140	ENSCHAT00000039228	protein_coding	0	0	0	12	1	0	0	2	9	0	0	0	0	0	0	0	0
ENSCHAG00000017140	ENSCHAG00000017140	ENSCHAT00000039242	protein_coding	0	0	0	9	0	0	0	2	7	0	0	0	0	0	0	0	0
ENSCHAG00000017245	ENSCHAG00000017245	ENSCHAT00000039474	protein_coding	0	0	0	5	0	0	0	4	0	0	0	0	0	0	0	0	1
ENSCHAG00000017248	ENSCHAG00000017248	ENSCHAT00000039493	protein_coding	0	0	2	3	0	0	0	0	2	2	0	0	0	0	0	0	1
ENSCHAG00000017261	ENSCHAG00000017261	ENSCHAT00000039502	protein_coding	0	0	2	4	0	0	0	0	2	2	0	0	0	0	0	0	2
ENSCHAG00000017263	ENSCHAG00000017263	ENSCHAT00000039558	pseudogene	0	0	0	2	0	0	0	2	0	0	0	0	0	0	0	0	0
ENSCHAG00000017706	ENSCHAG00000017706	ENSCHAT00000040839	protein_coding	0	0	0	6	0	0	0	0	5	0	0	0	0	0	0	0	1
ENSCHAG00000017706	ENSCHAG00000017706	ENSCHAT00000040869	protein_coding	0	0	0	6	0	0	0	0	2	0	0	0	0	0	0	0	4
ENSCHAG00000017748	ENSCHAG00000017748	ENSCHAT00000040944	protein_coding	0	0	0	2	0	0	0	2	0	0	0	0	0	0	0	0	0
ENSCHAG00000018377	ENSCHAG00000018377	ENSCHAT00000042507	protein_coding	0	0	0	5	0	0	0	0	0	0	0	0	0	0	0	0	5
ENSCHAG00000018441	ENSCHAG00000018441	ENSCHAT00000042566	protein_coding	0	0	0	2	0	0	0	0	0	0	0	0	0	0	0	0	2
ENSCHAG00000018457	ENSCHAG00000018457	ENSCHAT00000042578		0	0	0	1	0	0	0	0	0	0	0	0	0	0	0	0	1
ENSCHAG00000018458	ENSCHAG00000018458	ENSCHAT00000042583		0	0	0	2	0	0	0	1	0	0	0	0	0	0	0	0	1
ENSCHAG00000018464	ENSCHAG00000018464	ENSCHAT00000042595		0	0	0	10	0	0	0	3	0	0	0	0	0	0	0	0	7
ENSCHAG00000018465	ENSCHAG00000018465	ENSCHAT00000042670	protein_coding	0	0	0	5	0	0	0	0	0	0	0	0	0	0	0	0	5
ENSCHAG00000018465	ENSCHAG00000018465	ENSCHAT00000042690	protein_coding	0	0	0	1	0	0	0	0	0	0	0	0	0	0	0	0	1
ENSCHAG00000018466	ENSCHAG00000018466	ENSCHAT00000042598		0	0	0	4	0	0	0	3	0	0	0	0	0	0	0	0	1
ENSCHAG00000018509	ENSCHAG00000018509	ENSCHAT00000042731	protein_coding	0	0	0	2	0	0	0	2	0	0	0	0	0	0	0	0	0
ENSCHAG00000018578	ENSCHAG00000018578	ENSCHAT00000042879		0	0	0	10	0	0	0	1	0	0	0	0	0	0	0	0	9
ENSCHAG00000018579	ENSCHAG00000018579	ENSCHAT00000042885	protein_coding	0	1	1	20	0	0	0	8	2	1	0	0	0	0	0	1	10
ENSCHAG00000018585	ENSCHAG00000018585	ENSCHAT00000042959	protein_coding	0	1	0	14	0	0	0	9	1	0	0	0	0	0	0	1	4
ENSCHAG00000018615	ENSCHAG00000018615	ENSCHAT00000043156	protein_coding	0	0	0	13	0	0	0	6	0	0	0	0	0	0	0	0	7
ENSCHAG00000018615	ENSCHAG00000018615	ENSCHAT00000043186	protein_coding	0	0	0	13	0	0	0	6	0	0	0	0	0	0	0	0	7
ENSCHAG00000018723	ENSCHAG00000018723	ENSCHAT00000043202	protein_coding	0	2	3	25	0	0	0	2	10	3	0	0	0	0	0	2	13
ENSCHAG00000018744	ENSCHAG00000018744	ENSCHAT00000043265	protein_coding	0	4	2	62	0	1	2	6	50	2	0	0	0	0	0	3	4
ENSCHAG00000018744	ENSCHAG00000018744	ENSCHAT00000043287	protein_coding	0	4	3	40	3	1	2	7	24	3	0	0	0	0	0	3	4
ENSCHAG00000018752	ENSCHAG00000018752	ENSCHAT00000043296	protein_coding	0	0	0	52	0	0	0	0	47	0	0	0	0	0	0	0	5
ENSCHAG00000018758	ENSCHAG00000018758	ENSCHAT00000043332	protein_coding	0	0	0	15	0	0	0	4	0	0	0	0	0	0	0	0	11
ENSCHAG00000018772	ENSCHAG00000018772	ENSCHAT00000043387	protein_coding	0	0	0	11	0	0	0	5	0	0	0	0	0	0	0	0	6
ENSCHAG00000018828	ENSCHAG00000018828	ENSCHAT00000043514		0	0	0	3	0	0	0	2	0	0	0	0	0	0	0	0	1
ENSCHAG00000018984	ENSCHAG00000018984	ENSCHAT00000043895	protein_coding	1	0	0	4	0	0	0	2	0	0	0	0	0	1	0	0	2
ENSCHAG00000019061	ENSCHAG00000019061	ENSCHAT00000044074		0	0	0	7	0	0	0	2	2	0	0	0	0	0	0	0	3
ENSCHAG00000019061	ENSCHAG00000019061	ENSCHAT00000044086		0	0	0	7	0	0	0	2	2	0	0	0	0	0	0	0	3
ENSCHAG00000019061	ENSCHAG00000019061	ENSCHAT00000044089		0	0	0	4	0	0	0	2	1	0	0	0	0	0	0	0	1
ENSCHAG00000019065	ENSCHAG00000019065	ENSCHAT00000044092		0	0	0	4	0	0	0	2	0	0	1	0	0	0	0	0	1
ENSCHAG00000019069	ENSCHAG00000019069	ENSCHAT00000044094		0	0	0	4	0	0	0	3	0	0	0	0	0	0	0	0	1
ENSCHAG00000019069	ENSCHAG00000019069	ENSCHAT00000044095		0	0	0	4	0	0	0	3	0	0	0	0	0	0	0	0	1
ENSCHAG00000019078	ENSCHAG00000019078	ENSCHAT00000044124	protein_coding	0	0	0	8	0	0	0	0	6	0	0	0	0	0	0	0	2
ENSCHAG00000019078	ENSCHAG00000019078	ENSCHAT00000044169	protein_coding	0	0	0	8	0	0	0	0	4	0	0	0	0	0	0	0	4
ENSCHAG00000019078	ENSCHAG00000019078	ENSCHAT00000044199	protein_coding	0	0	0	8	0	0	0	0	4	0	0	0	0	0	0	0	4
ENSCHAG00000019078	ENSCHAG00000019078	ENSCHAT00000044247	protein_coding	0	0	0	8	0	0	0	0	4	0	0	0	0	0	0	0	4
ENSCHAG00000019164	ENSCHAG00000019164	ENSCHAT00000044289	protein_coding	0	0	0	2	0	0	0	0	1	0	0	0	0	0	0	0	1
ENSCHAG00000019388	ENSCHAG00000019388	ENSCHAT00000044921	protein_coding	0	0	0	6	0	0	0	5	1	0	0	0	0	0	0	0	0
ENSCHAG00000019388	ENSCHAG00000019388	ENSCHAT00000044933	protein_coding	0	0	0	6	0	0	0	5	1	0	0	0	0	0	0	0	0
ENSCHAG00000019427	ENSCHAG00000019427	ENSCHAT00000045082	protein_coding	0	0	0	1	0	0	0	0	0	0	0	0	0	0	0	0	1
ENSCHAG00000019628	ENSCHAG00000019628	ENSCHAT00000045522	protein_coding	0	0	0	36	0	0	0	14	1	0	0	0	0	0	0	0	21
ENSCHAG00000019640	ENSCHAG00000019640	ENSCHAT00000045698	protein_coding	0	0	0	1	0	0	0	1	0	0	0	0	0	0	0	0	0
ENSCHAG00000019646	ENSCHAG00000019646	ENSCHAT00000045571	protein_coding	0	1	0	33	0	0	0	20	0	0	0	0	0	0	0	1	13
ENSCHAG00000019670	ENSCHAG00000019670	ENSCHAT00000045610	protein_coding	0	0	0	9	0	0	0	5	0	0	0	0	0	0	0	0	4
ENSCHAG00000019685	ENSCHAG00000019685	ENSCHAT00000045687	protein_coding	0	0	0	53	0	0	0	7	2	0	0	0	0	0	0	0	44
ENSCHAG00000019714	ENSCHAG00000019714	ENSCHAT00000045704	protein_coding	0	3	0	60	1	1	4	10	30	0	0	0	1	0	0	1	16
ENSCHAG00000019740	ENSCHAG00000019740	ENSCHAT00000045780	protein_coding	0	0	0	14	0	0	0	9	4	0	0	0	0	0	0	0	1
ENSCHAG00000019744	ENSCHAG00000019744	ENSCHAT00000045791	protein_coding	0	0	0	8	0	0	0	7	0	0	0	0	0	0	0	0	1
ENSCHAG00000019778	ENSCHAG00000019778	ENSCHAT00000046030	protein_coding	0	0	0	9	0	0	0	3	2	0	0	0	0	0	0	0	4
ENSCHAG00000019778	ENSCHAG00000019778	ENSCHAT00000046104	protein_coding	0	0	0	10	0	0	0	4	2	0	0	0	0	0	0	0	4
ENSCHAG00000019778	ENSCHAG00000019778	ENSCHAT00000046153	protein_coding	0	0	0	9	0	0	0	3	2	0	0	0	0	0	0	0	4
ENSCHAG00000019778	ENSCHAG00000019778	ENSCHAT00000046240	protein_coding	0	0	0	10	0	0	0	4	2	0	0	0	0	0	0	0	4
ENSCHAG00000019778	ENSCHAG00000019778	ENSCHAT00000046267	protein_coding	0	0	0	9	0	0	0	3	2	0	0	0	0	0	0	0	4
ENSCHAG00000019805	ENSCHAG00000019805	ENSCHAT00000046003	protein_coding	0	0	0	3	0	0	0	3	0	0	0	0	0	0	0	0	0
ENSCHAG00000019936	ENSCHAG00000019936	ENSCHAT00000046314	protein_coding	0	1	0	11	2	1	1	4	2	0	0	0	0	0	0	0	2
ENSCHAG00000020044	ENSCHAG00000020044	ENSCHAT00000046574		0	0	0	4	0	0	0	4	0	0	0	0	0	0	0	0	0
ENSCHAG00000020046	ENSCHAG00000020046	ENSCHAT00000046577	protein_coding	0	0	0	1	0	0	0	0	0	0	0	0	0	0	0	0	1
ENSCHAG00000021009	ENSCHAG00000021009	ENSCHAT00000048894	protein_coding	0	0	0	2	0	0	0	2	0	0	0	0	0	0	0	0	0
ENSCHAG00000021067	ENSCHAG00000021067	ENSCHAT00000049003		0	0	0	2	0	0	0	1	0	0	0	0	0	0	0	0	1
ENSCHAG00000021964	ENSCHAG00000021964	ENSCHAT00000057081	protein_coding	0	0	0	22	0	0	0	6	11	0	0	0	0	0	0	0	5
ENSCHAG00000021964	ENSCHAG00000021964	ENSCHAT00000057098	protein_coding	0	0	0	22	0	0	0	6	11	0	0	0	0	0	0	0	5
ENSCHAG00000021964	ENSCHAG00000021964	ENSCHAT00000057312	protein_coding	0	0	0	13	0	0	0	6	5	0	0	0	0	0	0	0	2
ENSCHAG00000021964	ENSCHAG00000021964	ENSCHAT00000057406	protein_coding	0	0	0	13	0	0	0	6	5	0	0	0	0	0	0	0	2
ENSCHAG00000021964	ENSCHAG00000021964	ENSCHAT00000057531	protein_coding	0	0	0	13	0	0	0	6	5	0	0	0	0	0	0	0	2
ENSCHAG00000021964	ENSCHAG00000021964	ENSCHAT00000057683	protein_coding	0	0	0	13	0	0	0	6	5	0	0	0	0	0	0	0	2
ENSCHAG00000021964	ENSCHAG00000021964	ENSCHAT00000057710	protein_coding	0	0	0	22	0	0	0	6	11	0	0	0	0	0	0	0	5
ENSCHAG00000024389	ENSCHAG00000024389	ENSCHAT00000057879	protein_coding	0	0	0	1	0	0	0	1	0	0	0	0	0	0	0	0	0
ENSCHAG00000024393	ENSCHAG00000024393	ENSCHAT00000057884	protein_coding	0	0	0	1	0	0	0	0	0	0	0	0	0	0	0	0	1
ENSCHAG00000024400	ENSCHAG00000024400	ENSCHAT00000057928	protein_coding	0	0	0	3	0	0	0	0	1	0	0	0	0	0	0	0	2
ENSCHAG00000024400	ENSCHAG00000024400	ENSCHAT00000057955	protein_coding	0	0	0	3	0	0	0	0	0	0	0	0	0	0	0	0	3
ENSCHAG00000024400	ENSCHAG00000024400	ENSCHAT00000057965	protein_coding	0	0	0	3	0	0	0	0	0	0	0	0	0	0	0	0	3
ENSCHAG00000024733	ENSCHAG00000024733	ENSCHAT00000058765	protein_coding	0	0	0	2	0	0	0	1	1	0	0	0	0	0	0	0	0
ENSCHAG00000024735	ENSCHAG00000024735	ENSCHAT00000058771		0	0	0	2	0	0	0	0	0	0	0	0	0	0	0	0	2
LRRTM4	ENSCHAG00000018459	ENSCHAT00000042592	protein_coding	0	0	0	6	0	0	0	2	0	0	0	0	0	0	0	0	4
MYL2	ENSCHAG00000024362	ENSCHAT00000057825	protein_coding	0	0	0	15	0	0	0	7	2	0	0	0	0	0	0	0	6
MYL2	ENSCHAG00000024362	ENSCHAT00000057836	protein_coding	0	0	0	15	0	0	0	7	2	0	0	0	0	0	0	0	6
NEFL	ENSCHAG00000019412	ENSCHAT00000044986	protein_coding	0	0	0	2	0	0	0	0	0	0	0	0	0	0	0	0	2
NEFL	ENSCHAG00000019472	ENSCHAT00000045231	protein_coding	0	0	0	1	0	0	0	1	0	0	0	0	0	0	0	0	0
NEFM	ENSCHAG00000019531	ENSCHAT00000045342	protein_coding	0	0	0	2	0	0	0	1	0	0	0	0	0	0	0	0	1
NEFM	ENSCHAG00000019531	ENSCHAT00000045353	protein_coding	0	0	0	2	0	0	0	1	0	0	0	0	0	0	0	0	1
RAB35	ENSCHAG00000021052	ENSCHAT00000048991	protein_coding	0	0	0	9	0	0	0	1	5	0	0	0	0	0	0	0	3
RASGEF1B	ENSCHAG00000001283	ENSCHAT00000002170	protein_coding	0	0	0	11	0	0	0	0	11	0	0	0	0	0	0	0	0
RASGEF1B	ENSCHAG00000001283	ENSCHAT00000002270	protein_coding	0	0	0	36	0	0	0	0	36	0	0	0	0	0	0	0	0
RFESD	ENSCHAG00000019160	ENSCHAT00000044277	protein_coding	0	0	0	6	0	0	0	4	1	0	0	0	0	0	0	0	1
SUSD2	ENSCHAG00000004311	ENSCHAT00000008448	protein_coding	0	0	0	7	0	0	0	0	4	0	0	0	0	0	0	0	3
SUSD2	ENSCHAG00000004311	ENSCHAT00000008579	protein_coding	0	0	0	10	0	0	0	0	7	0	0	0	0	0	0	0	3
SUSD2	ENSCHAG00000004311	ENSCHAT00000008632	protein_coding	0	0	0	10	0	0	0	0	7	0	0	0	0	0	0	0	3
SUSD2	ENSCHAG00000004311	ENSCHAT00000008721	protein_coding	0	0	0	7	0	0	0	0	4	0	0	0	0	0	0	0	3
SUSD2	ENSCHAG00000004311	ENSCHAT00000008758	protein_coding	0	0	0	7	0	0	0	0	4	0	0	0	0	0	0	0	3
SUSD2	ENSCHAG00000004311	ENSCHAT00000008788	protein_coding	0	0	0	7	0	0	0	0	4	0	0	0	0	0	0	0	3
SUSD2	ENSCHAG00000004311	ENSCHAT00000008884	protein_coding	0	0	0	7	0	0	0	0	4	0	0	0	0	0	0	0	3
SUSD2	ENSCHAG00000004311	ENSCHAT00000008976	protein_coding	0	0	0	7	0	0	0	0	4	0	0	0	0	0	0	0	3
TMEM132D	ENSCHAG00000003227	ENSCHAT00000005591	protein_coding	0	0	0	29	2	0	0	1	26	0	0	0	0	0	0	0	0
VSIG10	ENSCHAG00000007296	ENSCHAT00000014711	protein_coding	0	0	0	5	0	0	0	3	2	0	0	0	0	0	0	0	0
aak1a	ENSCHAG00000016877	ENSCHAT00000038731	protein_coding	0	0	0	6	0	0	0	1	1	0	0	0	0	0	0	0	4
aak1a	ENSCHAG00000016877	ENSCHAT00000038752	protein_coding	0	0	0	6	0	0	0	1	1	0	0	0	0	0	0	0	4
aak1a	ENSCHAG00000016877	ENSCHAT00000038769	protein_coding	0	0	0	6	0	0	0	1	1	0	0	0	0	0	0	0	4
aak1a	ENSCHAG00000016877	ENSCHAT00000038780	protein_coding	0	0	0	6	0	0	0	1	1	0	0	0	0	0	0	0	4
aak1a	ENSCHAG00000016877	ENSCHAT00000038808	protein_coding	0	0	0	6	0	0	0	1	1	0	0	0	0	0	0	0	4
aak1a	ENSCHAG00000016877	ENSCHAT00000038829	protein_coding	0	0	0	5	0	0	0	0	1	0	0	0	0	0	0	0	4
aak1a	ENSCHAG00000016877	ENSCHAT00000038845	protein_coding	0	0	0	5	0	0	0	0	1	0	0	0	0	0	0	0	4
abca2	ENSCHAG00000010529	ENSCHAT00000027454	protein_coding	0	0	0	10	0	0	0	2	6	0	0	0	0	0	0	0	2
adamts13	ENSCHAG00000011081	ENSCHAT00000024439	protein_coding	0	2	1	13	0	0	0	5	4	1	0	0	0	0	0	2	4
adgra2	ENSCHAG00000017179	ENSCHAT00000041586	protein_coding	0	1	0	5	0	0	0	0	3	0	0	0	0	0	0	1	2
adgra2	ENSCHAG00000017179	ENSCHAT00000041953	protein_coding	0	1	0	1	0	0	0	0	1	0	0	0	0	0	0	1	0
adgra2	ENSCHAG00000017179	ENSCHAT00000041975	protein_coding	0	1	0	1	0	0	0	0	1	0	0	0	0	0	0	1	0
adgra2	ENSCHAG00000017179	ENSCHAT00000042255	protein_coding	0	1	0	5	0	0	0	0	3	0	0	0	0	0	0	1	2
adgra2	ENSCHAG00000017179	ENSCHAT00000042323	protein_coding	0	1	0	1	0	0	0	0	1	0	0	0	0	0	0	1	0
adora2aa	ENSCHAG00000021667	ENSCHAT00000050649	protein_coding	0	0	0	10	0	0	0	8	0	0	0	0	0	0	0	0	2
adrb3a	ENSCHAG00000016998	ENSCHAT00000038861	protein_coding	0	0	0	10	0	0	0	3	7	0	0	0	0	0	0	0	0
agtpbp1	ENSCHAG00000024424	ENSCHAT00000058399	protein_coding	0	1	0	1	0	0	0	0	0	0	0	0	0	0	0	1	1
agtpbp1	ENSCHAG00000024424	ENSCHAT00000058502	protein_coding	0	1	0	1	0	0	0	0	0	0	0	0	0	0	0	1	1
agtpbp1	ENSCHAG00000024424	ENSCHAT00000058584	protein_coding	0	1	0	0	0	0	0	0	0	0	0	0	0	0	0	1	0
agtpbp1	ENSCHAG00000024424	ENSCHAT00000058615	protein_coding	0	1	0	0	0	0	0	0	0	0	0	0	0	0	0	1	0
agtpbp1	ENSCHAG00000024424	ENSCHAT00000058639	protein_coding	0	1	0	0	0	0	0	0	0	0	0	0	0	0	0	1	0
agtpbp1	ENSCHAG00000024424	ENSCHAT00000058647	protein_coding	0	1	0	0	0	0	0	0	0	0	0	0	0	0	0	1	0
aifm3	ENSCHAG00000006148	ENSCHAT00000012186	protein_coding	0	0	0	1	0	0	0	0	1	0	0	0	0	0	0	0	0
aifm3	ENSCHAG00000006148	ENSCHAT00000012217	protein_coding	0	0	0	1	0	0	0	0	1	0	0	0	0	0	0	0	0
aifm3	ENSCHAG00000006148	ENSCHAT00000012285	protein_coding	0	0	0	1	0	0	0	0	0	0	0	0	0	0	0	0	1
aifm3	ENSCHAG00000006398	ENSCHAT00000014890	protein_coding	0	1	0	1	0	0	0	0	2	0	0	0	1	0	0	0	0
aifm3	ENSCHAG00000006398	ENSCHAT00000014928	protein_coding	0	1	0	1	0	0	0	0	2	0	0	0	1	0	0	0	0
aifm3	ENSCHAG00000006398	ENSCHAT00000014992	protein_coding	0	1	0	1	0	0	0	0	2	0	0	0	1	0	0	0	0
aifm3	ENSCHAG00000006398	ENSCHAT00000015180	protein_coding	0	1	0	1	0	0	0	0	2	0	0	0	1	0	0	0	0
aifm3	ENSCHAG00000006398	ENSCHAT00000015272	protein_coding	0	1	0	1	0	0	0	0	2	0	0	0	1	0	0	0	0
aifm3	ENSCHAG00000006398	ENSCHAT00000015356	protein_coding	0	0	1	1	0	0	0	0	1	1	0	0	0	0	0	0	0
ak8	ENSCHAG00000014183	ENSCHAT00000032256	protein_coding	0	0	0	20	0	0	0	7	12	0	0	0	0	0	0	0	1
ak8	ENSCHAG00000014183	ENSCHAT00000032301	protein_coding	0	0	0	20	0	0	0	7	12	0	0	0	0	0	0	0	1
ak8	ENSCHAG00000014183	ENSCHAT00000032344	protein_coding	0	0	1	19	0	0	0	7	11	1	0	0	0	0	0	0	1
anapc7	ENSCHAG00000024421	ENSCHAT00000057984	protein_coding	0	0	1	3	0	0	0	1	1	1	0	0	0	0	0	0	1
angptl2b	ENSCHAG00000008718	ENSCHAT00000018147	protein_coding	0	0	0	7	1	0	1	2	3	0	0	0	0	0	0	0	0
angptl2b	ENSCHAG00000008718	ENSCHAT00000018194	protein_coding	0	0	0	5	1	0	0	2	2	0	0	0	0	0	0	0	0
angptl2b	ENSCHAG00000008718	ENSCHAT00000018210	protein_coding	0	0	0	5	1	0	0	2	2	0	0	0	0	0	0	0	0
arpc5la	ENSCHAG00000002079	ENSCHAT00000003717	protein_coding	0	0	1	4	0	0	0	1	2	1	0	0	0	0	0	0	1
arpc5la	ENSCHAG00000002079	ENSCHAT00000003786	protein_coding	0	0	0	5	0	0	0	1	3	0	0	0	0	0	0	0	1
asb6	ENSCHAG00000019961	ENSCHAT00000046390	protein_coding	0	0	0	5	0	0	0	4	1	0	0	0	0	0	0	0	0
ascc2	ENSCHAG00000001620	ENSCHAT00000003073	protein_coding	0	1	0	9	0	0	0	3	4	0	0	0	0	0	0	1	2
ascc2	ENSCHAG00000001620	ENSCHAT00000003170	protein_coding	0	1	0	9	0	0	0	3	4	0	0	0	0	0	0	1	2
ascc2	ENSCHAG00000001620	ENSCHAT00000003191	protein_coding	0	0	0	10	0	0	0	3	5	0	0	0	0	0	0	0	2
ascc2	ENSCHAG00000001620	ENSCHAT00000003246	protein_coding	0	1	0	9	0	0	0	3	4	0	0	0	0	0	0	1	2
ascc2	ENSCHAG00000001620	ENSCHAT00000003275	protein_coding	0	1	0	9	0	0	0	3	4	0	0	0	0	0	0	1	2
ascc2	ENSCHAG00000001620	ENSCHAT00000003311	protein_coding	0	1	0	7	0	0	0	2	3	0	0	0	0	0	0	1	2
asphd2	ENSCHAG00000000648	ENSCHAT00000001023	protein_coding	0	0	0	10	2	0	0	3	0	0	0	0	0	0	0	0	5
asphd2	ENSCHAG00000000648	ENSCHAT00000001042	protein_coding	0	0	0	10	0	0	0	3	2	0	0	0	0	0	0	0	5
asphd2	ENSCHAG00000000648	ENSCHAT00000001054	protein_coding	0	0	0	10	0	0	0	3	2	0	0	0	0	0	0	0	5
atp2a2a	ENSCHAG00000024452	ENSCHAT00000058187	protein_coding	0	0	0	2	0	0	0	1	1	0	0	0	0	0	0	0	0
atp2a2a	ENSCHAG00000024452	ENSCHAT00000058198	protein_coding	0	0	0	2	0	0	0	1	1	0	0	0	0	0	0	0	0
atp2a2a	ENSCHAG00000024452	ENSCHAT00000058315	protein_coding	0	0	0	2	0	0	0	1	1	0	0	0	0	0	0	0	0
atp2a2a	ENSCHAG00000024452	ENSCHAT00000058318	protein_coding	0	0	0	2	0	0	0	1	1	0	0	0	0	0	0	0	0
atp2a2a	ENSCHAG00000024452	ENSCHAT00000058330	protein_coding	0	0	0	2	0	0	0	1	1	0	0	0	0	0	0	0	0
atp2a2a	ENSCHAG00000024452	ENSCHAT00000058404	protein_coding	0	0	0	2	0	0	0	1	1	0	0	0	0	0	0	0	0
atp2a2a	ENSCHAG00000024452	ENSCHAT00000058410	protein_coding	0	0	0	2	0	0	0	1	1	0	0	0	0	0	0	0	0
atp2a2a	ENSCHAG00000024452	ENSCHAT00000058421	protein_coding	0	0	0	2	0	0	0	1	1	0	0	0	0	0	0	0	0
atp2a2a	ENSCHAG00000024452	ENSCHAT00000058433	protein_coding	0	0	0	2	0	0	0	1	1	0	0	0	0	0	0	0	0
atp2a2a	ENSCHAG00000024452	ENSCHAT00000058444	protein_coding	0	0	0	2	0	0	0	1	1	0	0	0	0	0	0	0	0
barhl1a	ENSCHAG00000014011	ENSCHAT00000031708	protein_coding	0	0	0	4	0	0	0	0	0	0	0	0	0	0	0	0	4
bicdl1	ENSCHAG00000021069	ENSCHAT00000049078	protein_coding	0	0	0	7	0	0	0	1	6	0	0	0	0	0	0	0	0
bmp3	ENSCHAG00000000661	ENSCHAT00000001043	protein_coding	0	0	0	5	0	0	0	3	2	0	0	0	0	0	0	0	0
bnip3la	ENSCHAG00000018367	ENSCHAT00000042387	protein_coding	0	0	0	8	0	0	0	4	4	0	0	0	0	0	0	0	0
c5	ENSCHAG00000017808	ENSCHAT00000042683	protein_coding	0	0	1	8	0	0	0	3	4	1	0	0	0	0	0	0	1
c5	ENSCHAG00000017808	ENSCHAT00000042743	protein_coding	0	1	0	8	0	0	0	3	4	0	0	0	0	0	0	1	1
c5	ENSCHAG00000017808	ENSCHAT00000042819	protein_coding	0	2	0	7	0	0	0	3	4	0	0	0	1	0	0	1	1
c5	ENSCHAG00000017808	ENSCHAT00000042854	protein_coding	0	1	1	7	0	0	0	3	3	1	0	0	0	0	0	1	1
cabp1a	ENSCHAG00000000689	ENSCHAT00000001092	protein_coding	0	0	0	17	1	0	0	3	12	0	0	0	0	0	0	0	1
camk2b1	ENSCHAG00000002953	ENSCHAT00000005825	protein_coding	0	0	0	10	0	0	0	1	6	0	0	0	0	0	0	0	3
camk2b1	ENSCHAG00000002953	ENSCHAT00000007365	protein_coding	0	0	0	10	0	0	0	1	6	0	0	0	0	0	0	0	3
camk2b1	ENSCHAG00000002953	ENSCHAT00000007399	protein_coding	0	0	0	10	0	0	0	1	6	0	0	0	0	0	0	0	3
camk2b1	ENSCHAG00000002953	ENSCHAT00000007438	protein_coding	0	0	0	10	0	0	0	1	6	0	0	0	0	0	0	0	3
camk2b1	ENSCHAG00000002953	ENSCHAT00000007489	protein_coding	0	0	0	10	0	0	0	1	6	0	0	0	0	0	0	0	3
camk2b1	ENSCHAG00000002953	ENSCHAT00000007519	protein_coding	0	0	0	10	0	0	0	1	6	0	0	0	0	0	0	0	3
camk2b1	ENSCHAG00000002953	ENSCHAT00000007546	protein_coding	0	0	0	10	0	0	0	1	6	0	0	0	0	0	0	0	3
camk2b1	ENSCHAG00000002953	ENSCHAT00000007583	protein_coding	0	0	0	10	0	0	0	1	6	0	0	0	0	0	0	0	3
camk2b1	ENSCHAG00000002953	ENSCHAT00000007601	protein_coding	0	0	0	10	0	0	0	1	6	0	0	0	0	0	0	0	3
camk2b1	ENSCHAG00000002953	ENSCHAT00000007646	protein_coding	0	0	0	10	0	0	0	1	6	0	0	0	0	0	0	0	3
ccdc92	ENSCHAG00000004822	ENSCHAT00000008846	protein_coding	0	0	0	5	0	0	0	4	0	0	0	0	0	0	0	0	1
cep78	ENSCHAG00000024356	ENSCHAT00000057788	protein_coding	0	0	0	1	0	0	0	0	0	0	0	0	0	0	0	0	1
cfap299	ENSCHAG00000000633	ENSCHAT00000000995	protein_coding	0	0	0	11	0	0	0	0	10	0	0	0	0	0	0	0	1
ciao1	ENSCHAG00000004843	ENSCHAT00000008956	protein_coding	0	0	0	10	0	0	0	3	2	0	0	0	0	0	0	0	5
ciao1	ENSCHAG00000004843	ENSCHAT00000008986	protein_coding	0	0	0	10	0	0	0	3	2	0	0	0	0	0	0	0	5
citb	ENSCHAG00000021124	ENSCHAT00000050791	protein_coding	0	0	0	28	0	0	0	6	21	0	0	0	0	0	0	0	1
citb	ENSCHAG00000021124	ENSCHAT00000050901	protein_coding	0	0	0	28	0	0	0	6	21	0	0	0	0	0	0	0	1
citb	ENSCHAG00000021124	ENSCHAT00000050935	protein_coding	0	0	0	28	0	0	0	6	21	0	0	0	0	0	0	0	1
citb	ENSCHAG00000021124	ENSCHAT00000051265	protein_coding	0	0	0	28	0	0	0	6	21	0	0	0	0	0	0	0	1
ciz1b	ENSCHAG00000017666	ENSCHAT00000040753	protein_coding	0	0	0	6	0	0	0	4	2	0	0	0	0	0	0	0	0
ckap2l	ENSCHAG00000002580	ENSCHAT00000004458	protein_coding	0	0	0	7	0	0	0	0	6	0	0	0	0	0	0	0	1
cnnm4b	ENSCHAG00000002457	ENSCHAT00000004439	protein_coding	0	0	0	8	0	0	0	0	6	0	0	0	0	0	0	0	2
coq5	ENSCHAG00000004902	ENSCHAT00000009029	protein_coding	0	0	0	6	0	0	0	1	1	0	0	0	0	0	0	0	4
cox6a1	ENSCHAG00000019929	ENSCHAT00000046291	protein_coding	0	0	0	12	0	0	0	7	0	0	0	0	0	0	0	0	5
cox6a1	ENSCHAG00000019929	ENSCHAT00000046300	protein_coding	0	0	0	12	0	0	0	7	0	0	0	0	0	0	0	0	5
crb2b	ENSCHAG00000016513	ENSCHAT00000037930	protein_coding	0	1	0	14	4	0	0	4	6	0	0	0	0	0	0	1	0
crb2b	ENSCHAG00000016513	ENSCHAT00000037956	protein_coding	0	1	0	14	4	0	0	4	6	0	0	0	0	0	0	1	0
crybb2	ENSCHAG00000018796	ENSCHAT00000043435	protein_coding	0	0	0	7	0	0	0	5	2	0	0	0	0	0	0	0	0
ctu1	ENSCHAG00000016772	ENSCHAT00000038247	protein_coding	0	0	0	5	0	0	2	2	0	0	0	0	0	0	0	0	1
cux2b	ENSCHAG00000024338	ENSCHAT00000057762	protein_coding	0	0	0	27	0	0	0	5	13	0	0	0	0	0	0	0	9
cux2b	ENSCHAG00000024338	ENSCHAT00000057771	protein_coding	0	0	0	27	0	0	0	5	13	0	0	0	0	0	0	0	9
cux2b	ENSCHAG00000024338	ENSCHAT00000057777	protein_coding	0	0	0	19	0	0	0	0	10	0	0	0	0	0	0	0	9
ddx31	ENSCHAG00000014057	ENSCHAT00000031916	protein_coding	0	2	1	9	0	0	2	0	4	1	0	0	0	0	0	2	3
ddx31	ENSCHAG00000014057	ENSCHAT00000031934	protein_coding	0	2	1	9	0	0	2	0	4	1	0	0	0	0	0	2	3
ddx31	ENSCHAG00000014057	ENSCHAT00000031958	protein_coding	0	2	1	9	0	0	2	0	4	1	0	0	0	0	0	2	3
ddx31	ENSCHAG00000014057	ENSCHAT00000032006	protein_coding	0	2	1	7	0	0	0	0	4	1	0	0	0	0	0	2	3
dock5	ENSCHAG00000018562	ENSCHAT00000043716	protein_coding	0	2	0	18	0	0	0	2	15	0	0	0	0	0	0	2	1
dock5	ENSCHAG00000018562	ENSCHAT00000043885	protein_coding	0	2	0	19	0	0	0	1	16	0	0	0	0	0	0	2	2
dock5	ENSCHAG00000018562	ENSCHAT00000044022	protein_coding	0	2	0	19	0	0	0	1	16	0	0	0	0	0	0	2	2
dock5	ENSCHAG00000018562	ENSCHAT00000044311	protein_coding	0	2	0	19	0	0	0	1	16	0	0	0	0	0	0	2	2
dock5	ENSCHAG00000018562	ENSCHAT00000044321	protein_coding	0	2	0	19	0	0	0	1	16	0	0	0	0	0	0	2	2
dock5	ENSCHAG00000018562	ENSCHAT00000044350	protein_coding	0	2	0	19	0	0	0	1	17	0	0	0	1	0	0	1	2
dock5	ENSCHAG00000018562	ENSCHAT00000044500	protein_coding	0	1	0	20	0	0	0	1	17	0	0	0	0	0	0	1	2
dock5	ENSCHAG00000018562	ENSCHAT00000044637	protein_coding	0	2	0	17	0	0	0	1	15	0	0	0	0	0	0	2	1
dock5	ENSCHAG00000018562	ENSCHAT00000044788	protein_coding	0	2	0	16	0	0	0	1	14	0	0	0	0	0	0	2	1
dock5	ENSCHAG00000018562	ENSCHAT00000044812	protein_coding	0	2	0	16	0	0	0	1	14	0	0	0	0	0	0	2	1
dok2	ENSCHAG00000018808	ENSCHAT00000043452	protein_coding	0	0	0	28	1	0	0	4	19	0	0	0	0	0	0	0	4
dph7	ENSCHAG00000010485	ENSCHAT00000022656	protein_coding	0	0	0	11	1	0	0	7	1	0	0	0	0	0	0	0	2
ebf2	ENSCHAG00000000295	ENSCHAT00000000497	protein_coding	0	0	0	2	0	0	0	0	2	0	0	0	0	0	0	0	0
epgn	ENSCHAG00000018687	ENSCHAT00000043259	protein_coding	0	0	0	10	0	0	0	1	0	0	0	0	0	0	0	0	9
es1	ENSCHAG00000014392	ENSCHAT00000032542	protein_coding	0	0	0	8	0	0	0	3	0	0	0	0	0	0	0	0	5
fam102aa	ENSCHAG00000016127	ENSCHAT00000037306	protein_coding	0	0	0	1	0	0	0	0	1	0	0	0	0	0	0	0	0
fgf5	ENSCHAG00000000579	ENSCHAT00000000935	protein_coding	0	0	0	2	0	0	0	0	2	0	0	0	0	0	0	0	0
fgf5	ENSCHAG00000000579	ENSCHAT00000000961	protein_coding	0	0	0	2	0	0	0	0	2	0	0	0	0	0	0	0	0
foxb2	ENSCHAG00000020979	ENSCHAT00000048859	protein_coding	0	0	0	4	0	0	0	3	0	0	0	0	0	0	0	0	1
fzd10	ENSCHAG00000003336	ENSCHAT00000006072	protein_coding	0	0	0	2	0	0	0	0	0	0	0	0	0	0	0	0	2
fzd10	ENSCHAG00000003336	ENSCHAT00000006139	protein_coding	0	0	0	2	0	0	0	0	0	0	0	0	0	0	0	0	2
fzd10	ENSCHAG00000003336	ENSCHAT00000006406	protein_coding	0	0	0	2	0	0	0	0	0	0	0	0	0	0	0	0	2
fzd10	ENSCHAG00000003336	ENSCHAT00000006520	protein_coding	0	0	0	2	0	0	0	0	0	0	0	0	0	0	0	0	2
gal3st1a	ENSCHAG00000004161	ENSCHAT00000007512	protein_coding	0	0	0	1	0	0	0	0	1	0	0	0	0	0	0	0	0
gapvd1	ENSCHAG00000006232	ENSCHAT00000012203	protein_coding	0	1	0	6	0	0	0	0	3	0	0	0	0	0	0	1	3
gapvd1	ENSCHAG00000006232	ENSCHAT00000012248	protein_coding	0	1	0	6	0	0	0	0	3	0	0	0	0	0	0	1	3
gapvd1	ENSCHAG00000006232	ENSCHAT00000012278	protein_coding	0	1	0	6	0	0	0	0	3	0	0	0	0	0	0	1	3
gapvd1	ENSCHAG00000006232	ENSCHAT00000012306	protein_coding	0	1	0	6	0	0	0	0	3	0	0	0	0	0	0	1	3
gapvd1	ENSCHAG00000006232	ENSCHAT00000012319	protein_coding	0	1	0	6	0	0	0	0	3	0	0	0	0	0	0	1	3
gapvd1	ENSCHAG00000006232	ENSCHAT00000012417	protein_coding	0	1	0	6	0	0	0	0	3	0	0	0	0	0	0	1	3
gapvd1	ENSCHAG00000006232	ENSCHAT00000012521	protein_coding	0	1	0	6	0	0	0	0	3	0	0	0	0	0	0	1	3
gcn1	ENSCHAG00000016932	ENSCHAT00000048598	protein_coding	0	2	0	12	0	0	0	3	9	0	0	0	0	0	0	2	0
gcn1	ENSCHAG00000016932	ENSCHAT00000048729	protein_coding	0	2	0	12	0	0	0	3	8	0	0	0	0	0	0	2	1
gcn1	ENSCHAG00000016932	ENSCHAT00000048794	protein_coding	0	2	0	12	0	0	0	3	8	0	0	0	0	0	0	2	1
gcn1	ENSCHAG00000016932	ENSCHAT00000048901	protein_coding	0	2	0	12	0	0	0	3	8	0	0	0	0	0	0	2	1
gcn1	ENSCHAG00000016932	ENSCHAT00000048942	protein_coding	0	2	0	12	0	0	0	3	6	0	0	0	0	0	0	2	3
gcn1	ENSCHAG00000016932	ENSCHAT00000048957	protein_coding	0	2	0	6	0	0	0	3	3	0	0	0	0	0	0	2	0
gfra2a	ENSCHAG00000018814	ENSCHAT00000043466	protein_coding	0	0	0	35	1	0	0	2	30	0	0	0	0	0	0	0	2
gfra2a	ENSCHAG00000018814	ENSCHAT00000043495	protein_coding	0	0	0	35	1	0	0	2	30	0	0	0	0	0	0	0	2
ggt5a	ENSCHAG00000000332	ENSCHAT00000000864	protein_coding	0	0	0	16	1	0	0	1	9	0	0	0	0	0	0	0	5
ggt5a	ENSCHAG00000000332	ENSCHAT00000000926	protein_coding	0	0	0	16	0	0	0	2	9	0	0	0	0	0	0	0	5
gle1	ENSCHAG00000015330	ENSCHAT00000035732	protein_coding	0	0	0	14	0	0	0	1	6	0	0	0	0	0	0	0	7
gle1	ENSCHAG00000015330	ENSCHAT00000035786	protein_coding	1	0	0	13	0	0	0	1	5	0	0	0	0	1	0	0	7
gle1	ENSCHAG00000015330	ENSCHAT00000035823	protein_coding	0	0	0	14	0	0	0	1	6	0	0	0	0	0	0	0	7
gle1	ENSCHAG00000015330	ENSCHAT00000035841	protein_coding	0	0	0	13	0	0	0	0	6	0	0	0	0	0	0	0	7
gle1	ENSCHAG00000015330	ENSCHAT00000035855	protein_coding	0	0	0	13	0	0	0	0	6	0	0	0	0	0	0	0	7
gle1	ENSCHAG00000015330	ENSCHAT00000035880	protein_coding	1	0	0	13	0	0	0	1	5	0	0	0	0	1	0	0	7
gle1	ENSCHAG00000015330	ENSCHAT00000035930	protein_coding	0	0	0	14	0	0	0	1	6	0	0	0	0	0	0	0	7
gle1	ENSCHAG00000015330	ENSCHAT00000035962	protein_coding	1	0	0	9	0	0	0	1	4	0	0	0	0	1	0	0	4
glt1d1	ENSCHAG00000003182	ENSCHAT00000005497	protein_coding	0	0	1	16	1	0	0	3	8	1	0	0	0	0	0	0	4
gna14a	ENSCHAG00000024349	ENSCHAT00000057775	protein_coding	0	0	0	6	0	0	0	0	6	0	0	0	0	0	0	0	0
golga1	ENSCHAG00000002187	ENSCHAT00000004071	protein_coding	0	1	0	12	0	0	0	2	8	0	0	0	0	0	0	1	2
golga1	ENSCHAG00000002187	ENSCHAT00000004145	protein_coding	0	1	0	12	0	0	0	2	8	0	0	0	0	0	0	1	2
golga1	ENSCHAG00000002187	ENSCHAT00000004256	protein_coding	0	1	0	12	0	0	0	2	8	0	0	0	0	0	0	1	2
golga1	ENSCHAG00000002187	ENSCHAT00000004511	protein_coding	0	1	0	12	0	0	0	2	8	0	0	0	0	0	0	1	2
golga1	ENSCHAG00000002187	ENSCHAT00000004589	protein_coding	0	1	0	12	0	0	0	2	8	0	0	0	0	0	0	1	2
golga1	ENSCHAG00000002187	ENSCHAT00000004679	protein_coding	0	1	0	12	0	0	0	2	8	0	0	0	0	0	0	1	2
golga1	ENSCHAG00000002187	ENSCHAT00000004841	protein_coding	0	0	0	13	0	0	0	2	9	0	0	0	0	0	0	0	2
golga1	ENSCHAG00000002187	ENSCHAT00000004986	protein_coding	0	0	0	13	0	0	0	2	9	0	0	0	0	0	0	0	2
got1l1	ENSCHAG00000017021	ENSCHAT00000039054	protein_coding	0	0	0	3	0	0	0	0	1	0	0	0	0	0	0	0	2
grin1b	ENSCHAG00000014649	ENSCHAT00000033421	protein_coding	0	0	0	15	0	0	0	2	11	0	0	0	0	0	0	0	2
grin1b	ENSCHAG00000014649	ENSCHAT00000033438	protein_coding	0	0	0	15	0	0	0	2	11	0	0	0	0	0	0	0	2
grin1b	ENSCHAG00000014649	ENSCHAT00000033452	protein_coding	0	0	0	15	0	0	0	2	11	0	0	0	0	0	0	0	2
grin1b	ENSCHAG00000014649	ENSCHAT00000033469	protein_coding	0	0	0	15	0	0	0	2	11	0	0	0	0	0	0	0	2
grin1b	ENSCHAG00000014649	ENSCHAT00000033481	protein_coding	0	0	0	15	0	0	0	2	11	0	0	0	0	0	0	0	2
grin1b	ENSCHAG00000014649	ENSCHAT00000033500	protein_coding	0	0	0	13	0	0	0	6	5	0	0	0	0	0	0	0	2
grin1b	ENSCHAG00000014649	ENSCHAT00000033515	protein_coding	0	0	0	13	0	0	0	6	5	0	0	0	0	0	0	0	2
grin1b	ENSCHAG00000014649	ENSCHAT00000033544	protein_coding	0	0	0	13	0	0	0	6	5	0	0	0	0	0	0	0	2
grin1b	ENSCHAG00000014649	ENSCHAT00000033568	protein_coding	0	0	0	13	0	0	0	6	5	0	0	0	0	0	0	0	2
grin1b	ENSCHAG00000014649	ENSCHAT00000033582	protein_coding	0	0	0	11	0	0	0	4	5	0	0	0	0	0	0	0	2
gsnb	ENSCHAG00000007205	ENSCHAT00000030422	protein_coding	0	0	0	12	4	0	0	2	5	0	0	0	0	0	0	0	1
gsnb	ENSCHAG00000007205	ENSCHAT00000030706	protein_coding	0	0	0	12	4	0	0	2	5	0	0	0	0	0	0	0	1
gsnb	ENSCHAG00000007205	ENSCHAT00000030777	protein_coding	0	0	0	12	4	0	0	2	5	0	0	0	0	0	0	0	1
gsnb	ENSCHAG00000007205	ENSCHAT00000030827	protein_coding	0	0	0	12	4	0	0	2	5	0	0	0	0	0	0	0	1
gsnb	ENSCHAG00000007205	ENSCHAT00000030920	protein_coding	0	0	0	12	4	0	0	2	5	0	0	0	0	0	0	0	1
gsnb	ENSCHAG00000007205	ENSCHAT00000031113	protein_coding	0	0	0	12	4	0	0	2	5	0	0	0	0	0	0	0	1
gsnb	ENSCHAG00000007205	ENSCHAT00000031252	protein_coding	0	0	0	12	4	0	0	2	5	0	0	0	0	0	0	0	1
gsnb	ENSCHAG00000007205	ENSCHAT00000031275	protein_coding	0	0	0	12	4	0	0	2	5	0	0	0	0	0	0	0	1
gsnb	ENSCHAG00000007205	ENSCHAT00000031342	protein_coding	0	0	0	12	4	0	0	2	5	0	0	0	0	0	0	0	1
gsnb	ENSCHAG00000007205	ENSCHAT00000031461	protein_coding	0	0	0	12	4	0	0	2	5	0	0	0	0	0	0	0	1
gucd1	ENSCHAG00000001403	ENSCHAT00000002266	protein_coding	0	0	0	6	0	0	0	5	0	0	0	0	0	0	0	0	1
h2az2a	ENSCHAG00000002660	ENSCHAT00000004644	protein_coding	0	0	0	2	0	0	0	1	1	0	0	0	0	0	0	0	0
h2az2a	ENSCHAG00000002660	ENSCHAT00000004833	protein_coding	0	0	0	2	0	0	0	1	0	0	0	0	0	0	0	0	1
hmcn2	ENSCHAG00000008960	ENSCHAT00000023185	protein_coding	0	2	2	15	0	0	0	0	15	2	0	0	2	0	0	1	1
hmcn2	ENSCHAG00000008960	ENSCHAT00000023643	protein_coding	0	1	1	17	0	0	0	0	16	1	0	0	0	0	0	1	1
hmcn2	ENSCHAG00000008960	ENSCHAT00000023812	protein_coding	0	1	2	16	0	0	0	0	15	2	0	0	1	0	0	1	1
hnf1a	ENSCHAG00000020055	ENSCHAT00000046641	protein_coding	0	1	0	6	0	0	0	0	3	0	0	0	0	0	0	1	3
hnf1a	ENSCHAG00000020055	ENSCHAT00000046661	protein_coding	0	1	0	6	0	0	0	0	3	0	0	0	0	0	0	1	3
hnrnpk	ENSCHAG00000024703	ENSCHAT00000058706	protein_coding	0	0	0	2	0	0	0	0	1	0	0	0	0	0	0	0	1
hnrnpk	ENSCHAG00000024703	ENSCHAT00000058739	protein_coding	0	0	0	2	0	0	0	0	1	0	0	0	0	0	0	0	1
hnrnpk	ENSCHAG00000024703	ENSCHAT00000058744	protein_coding	0	0	0	2	0	0	0	0	1	0	0	0	0	0	0	0	1
hps4	ENSCHAG00000019943	ENSCHAT00000046502	protein_coding	0	1	0	16	0	0	0	2	9	0	0	0	0	0	0	1	5
hps4	ENSCHAG00000019943	ENSCHAT00000046524	protein_coding	0	1	0	15	0	0	0	1	9	0	0	0	0	0	0	1	5
hps4	ENSCHAG00000019943	ENSCHAT00000046549	protein_coding	1	1	0	13	0	0	0	2	9	0	0	1	0	0	0	1	3
hs3st1l2	ENSCHAG00000002838	ENSCHAT00000004922	protein_coding	0	0	0	2	0	0	0	0	0	0	0	0	0	0	0	0	2
hspb8	ENSCHAG00000005086	ENSCHAT00000009417	protein_coding	0	0	0	5	1	0	0	0	1	0	0	0	0	0	0	0	3
ift81	ENSCHAG00000024605	ENSCHAT00000058523	protein_coding	0	0	0	7	0	0	0	0	2	0	0	0	0	0	0	0	5
ift81	ENSCHAG00000024605	ENSCHAT00000058555	protein_coding	0	0	0	7	0	0	0	0	2	0	0	0	0	0	0	0	5
ift81	ENSCHAG00000024605	ENSCHAT00000058567	protein_coding	0	0	0	7	0	0	0	0	2	0	0	0	0	0	0	0	5
ift81	ENSCHAG00000024605	ENSCHAT00000058577	protein_coding	0	0	0	7	0	0	0	0	2	0	0	0	0	0	0	0	5
igsf9b	ENSCHAG00000014415	ENSCHAT00000032706	protein_coding	0	1	0	9	0	0	0	3	5	0	0	0	0	0	0	1	1
igsf9b	ENSCHAG00000014415	ENSCHAT00000032797	protein_coding	0	1	0	5	0	0	0	0	5	0	0	0	0	0	0	1	0
inpp5l	ENSCHAG00000014136	ENSCHAT00000032084	protein_coding	0	0	0	16	0	0	0	1	14	0	0	0	0	0	0	0	1
kazald3	ENSCHAG00000018789	ENSCHAT00000043408	protein_coding	0	0	0	15	0	0	0	4	9	0	0	0	0	0	0	0	2
kremen1	ENSCHAG00000004917	ENSCHAT00000009184	protein_coding	0	0	0	5	0	0	0	3	2	0	0	0	0	0	0	0	0
ksr2	ENSCHAG00000007376	ENSCHAT00000014967	protein_coding	0	0	0	16	0	0	0	3	13	0	0	0	0	0	0	0	0
lhx2b	ENSCHAG00000016710	ENSCHAT00000038112	protein_coding	0	0	0	2	0	0	0	0	0	0	0	0	0	0	0	0	2
lipg	ENSCHAG00000018787	ENSCHAT00000043531	protein_coding	0	0	0	8	0	0	0	1	0	0	0	0	0	0	0	0	7
lmx1bb	ENSCHAG00000007017	ENSCHAT00000014200	protein_coding	0	0	0	1	0	0	0	0	1	0	0	0	0	0	0	0	0
lmx1bb	ENSCHAG00000007017	ENSCHAT00000014244	protein_coding	0	0	0	1	0	0	0	0	1	0	0	0	0	0	0	0	0
lrrc75ba	ENSCHAG00000000224	ENSCHAT00000000389	protein_coding	0	0	0	17	3	0	0	6	7	0	0	0	0	0	0	0	1
lrrtm4l2	ENSCHAG00000018469	ENSCHAT00000042665	protein_coding	0	0	0	4	0	0	0	2	0	0	0	0	0	0	0	0	2
lzts1	ENSCHAG00000018830	ENSCHAT00000043519	protein_coding	0	1	0	11	0	1	1	0	7	0	0	0	0	0	0	0	3
med27	ENSCHAG00000000274	ENSCHAT00000000457	protein_coding	0	0	0	18	0	0	0	4	12	0	0	0	0	0	0	0	2
mlec	ENSCHAG00000000736	ENSCHAT00000001149	protein_coding	0	0	0	5	0	0	0	0	1	0	0	0	0	0	0	0	4
mrpl41	ENSCHAG00000010473	ENSCHAT00000022647	protein_coding	0	0	0	9	0	0	0	2	0	0	0	0	0	0	0	0	7
msi1	ENSCHAG00000018865	ENSCHAT00000045376	protein_coding	0	0	0	33	0	0	0	20	8	0	0	0	0	0	0	0	5
msi1	ENSCHAG00000018865	ENSCHAT00000045424	protein_coding	0	0	0	33	0	0	0	20	8	0	0	0	0	0	0	0	5
msi1	ENSCHAG00000018865	ENSCHAT00000045447	protein_coding	0	0	0	33	0	0	0	20	8	0	0	0	0	0	0	0	5
msi1	ENSCHAG00000018865	ENSCHAT00000045472	protein_coding	0	0	0	33	0	0	0	20	8	0	0	0	0	0	0	0	5
msi1	ENSCHAG00000018865	ENSCHAT00000045496	protein_coding	0	0	0	28	0	0	0	20	6	0	0	0	0	0	0	0	2
mthfd2l	ENSCHAG00000018748	ENSCHAT00000043372	protein_coding	0	0	1	22	1	0	0	8	7	1	0	0	0	0	0	0	6
mvb12bb	ENSCHAG00000007010	ENSCHAT00000014037	protein_coding	0	0	0	10	0	0	0	0	7	0	0	0	0	0	0	0	3
naa35	ENSCHAG00000024374	ENSCHAT00000057845	protein_coding	0	0	0	2	0	0	0	0	2	0	0	0	0	0	0	0	0
naa35	ENSCHAG00000024374	ENSCHAT00000057900	protein_coding	0	0	0	2	0	0	0	0	2	0	0	0	0	0	0	0	0
naa35	ENSCHAG00000024374	ENSCHAT00000057917	protein_coding	0	0	0	2	0	0	0	0	2	0	0	0	0	0	0	0	0
naa35	ENSCHAG00000024374	ENSCHAT00000057925	protein_coding	0	0	0	2	0	0	0	0	2	0	0	0	0	0	0	0	0
neflb	ENSCHAG00000019583	ENSCHAT00000045484	protein_coding	0	0	0	1	0	0	0	1	0	0	0	0	0	0	0	0	0
neflb	ENSCHAG00000019583	ENSCHAT00000045515	protein_coding	0	0	0	1	0	0	0	1	0	0	0	0	0	0	0	0	0
neflb	ENSCHAG00000019721	ENSCHAT00000045895	protein_coding	0	0	0	2	0	0	0	0	0	0	0	0	0	0	0	0	2
neflb	ENSCHAG00000019721	ENSCHAT00000045920	protein_coding	0	0	0	2	0	0	0	0	0	0	0	0	0	0	0	0	2
neflb	ENSCHAG00000019918	ENSCHAT00000046370	protein_coding	0	0	1	3	0	0	0	0	1	1	0	0	0	0	0	0	2
nefmb	ENSCHAG00000019368	ENSCHAT00000044827	protein_coding	0	1	0	1	0	0	0	0	0	0	0	0	0	0	0	1	1
nefmb	ENSCHAG00000019375	ENSCHAT00000044855	protein_coding	0	0	0	8	0	0	0	5	3	0	0	0	0	0	0	0	0
niban2b	ENSCHAG00000012455	ENSCHAT00000028062	protein_coding	0	0	0	9	0	0	0	2	2	0	0	0	0	0	0	0	5
niban2b	ENSCHAG00000012455	ENSCHAT00000028128	protein_coding	0	0	0	6	0	0	0	2	2	0	0	0	0	0	0	0	2
niban2b	ENSCHAG00000012455	ENSCHAT00000028147	protein_coding	0	0	0	9	0	0	0	2	2	0	0	0	0	0	0	0	5
niban2b	ENSCHAG00000012455	ENSCHAT00000028175	protein_coding	0	0	0	9	0	0	0	2	2	0	0	0	0	0	0	0	5
niban2b	ENSCHAG00000012455	ENSCHAT00000028200	protein_coding	0	0	0	9	0	0	0	2	2	0	0	0	0	0	0	0	5
niban2b	ENSCHAG00000012455	ENSCHAT00000028220	protein_coding	0	0	0	9	0	0	0	2	2	0	0	0	0	0	0	0	5
niban2b	ENSCHAG00000012455	ENSCHAT00000028240	protein_coding	0	0	0	9	0	0	0	2	2	0	0	0	0	0	0	0	5
nkx6.3	ENSCHAG00000014222	ENSCHAT00000032332	protein_coding	0	0	0	14	0	0	0	1	6	0	0	0	0	0	0	0	7
nkx6.3	ENSCHAG00000014222	ENSCHAT00000032355	protein_coding	0	0	0	14	0	0	0	2	5	0	0	0	0	0	0	0	7
nkx6.3	ENSCHAG00000014222	ENSCHAT00000032388	protein_coding	0	0	0	14	0	0	0	2	5	0	0	0	0	0	0	0	7
nos1	ENSCHAG00000007651	ENSCHAT00000037426	protein_coding	0	2	0	24	0	0	0	4	19	0	0	0	1	0	0	1	2
nos1	ENSCHAG00000007651	ENSCHAT00000038585	protein_coding	0	1	0	25	0	0	0	4	20	0	0	0	1	0	0	0	2
nos1	ENSCHAG00000007651	ENSCHAT00000038866	protein_coding	0	1	0	25	0	0	0	4	20	0	0	0	1	0	0	0	2
nos1	ENSCHAG00000007651	ENSCHAT00000038904	protein_coding	0	1	0	25	0	0	0	4	20	0	0	0	1	0	0	0	2
nos1	ENSCHAG00000007651	ENSCHAT00000038949	protein_coding	0	1	0	25	0	0	0	4	20	0	0	0	1	0	0	0	2
nos1	ENSCHAG00000007651	ENSCHAT00000038980	protein_coding	0	1	0	25	0	0	0	4	20	0	0	0	1	0	0	0	2
nos1	ENSCHAG00000007651	ENSCHAT00000039089	protein_coding	0	1	0	25	0	0	0	4	20	0	0	0	1	0	0	0	2
nos1	ENSCHAG00000007651	ENSCHAT00000039142	protein_coding	0	1	0	25	0	0	0	4	20	0	0	0	1	0	0	0	2
nos1	ENSCHAG00000007651	ENSCHAT00000039461	protein_coding	0	1	1	22	0	0	0	4	17	1	0	0	1	0	0	0	2
noxa1	ENSCHAG00000016859	ENSCHAT00000038526	protein_coding	0	0	0	3	0	0	0	3	0	0	0	0	0	0	0	0	0
npm2a	ENSCHAG00000017006	ENSCHAT00000038881	protein_coding	0	0	0	4	0	0	0	1	1	0	0	0	0	0	0	0	2
npm2a	ENSCHAG00000017006	ENSCHAT00000038888	protein_coding	0	0	0	4	0	0	0	1	1	0	0	0	0	0	0	0	2
ntng2a	ENSCHAG00000000292	ENSCHAT00000000477	protein_coding	0	0	0	9	0	0	0	0	8	0	0	0	0	0	0	0	1
ntng2a	ENSCHAG00000000292	ENSCHAT00000000479	protein_coding	0	0	0	8	0	0	0	0	7	0	0	0	0	0	0	0	1
ntrk2a	ENSCHAG00000024697	ENSCHAT00000058662	protein_coding	0	0	0	5	0	0	0	1	3	0	0	0	0	0	0	0	1
odf2b	ENSCHAG00000015291	ENSCHAT00000034676	protein_coding	0	2	0	15	0	0	0	7	5	0	0	0	0	0	0	2	3
olfml2a	ENSCHAG00000002009	ENSCHAT00000003471	protein_coding	0	0	1	10	2	0	0	2	6	1	0	0	0	0	0	0	0
olfml2a	ENSCHAG00000002009	ENSCHAT00000003510	protein_coding	0	0	1	5	2	0	0	2	1	1	0	0	0	0	0	0	0
ostf1	ENSCHAG00000019000	ENSCHAT00000044016	protein_coding	0	0	0	3	0	0	0	2	1	0	0	0	0	0	0	0	0
ostf1	ENSCHAG00000019000	ENSCHAT00000044062	protein_coding	0	0	0	3	0	0	0	2	1	0	0	0	0	0	0	0	0
p2rx2	ENSCHAG00000003573	ENSCHAT00000006952	protein_coding	0	0	0	3	0	0	0	0	2	0	0	0	0	0	0	0	1
p2rx4b	ENSCHAG00000001506	ENSCHAT00000002457	protein_coding	0	2	1	14	0	0	0	1	6	1	0	0	0	0	0	2	7
p2rx7	ENSCHAG00000001590	ENSCHAT00000002571	protein_coding	0	0	1	16	0	0	0	10	4	1	0	0	0	0	0	0	2
p2rx7	ENSCHAG00000001590	ENSCHAT00000002594	protein_coding	0	0	1	16	0	0	0	10	4	1	0	0	0	0	0	0	2
p2rx7	ENSCHAG00000001590	ENSCHAT00000002648	protein_coding	0	0	1	16	0	0	0	10	4	1	0	0	0	0	0	0	2
p2rx7	ENSCHAG00000001590	ENSCHAT00000002658	protein_coding	0	0	1	16	0	0	0	10	4	1	0	0	0	0	0	0	2
p2rx7	ENSCHAG00000001590	ENSCHAT00000002697	protein_coding	1	0	0	10	0	0	0	6	2	0	0	0	1	0	1	0	2
p2rx7	ENSCHAG00000001590	ENSCHAT00000002735	protein_coding	0	0	0	11	0	0	0	7	2	0	0	0	0	0	0	0	2
p2rx7	ENSCHAG00000001590	ENSCHAT00000002750	protein_coding	0	0	0	11	0	0	0	7	2	0	0	0	0	0	0	0	2
pcsk5b	ENSCHAG00000019210	ENSCHAT00000047105	protein_coding	0	0	0	6	0	0	0	0	1	0	0	0	0	0	0	0	5
pcsk5b	ENSCHAG00000019210	ENSCHAT00000047599	protein_coding	0	0	0	6	0	0	0	0	1	0	0	0	0	0	0	0	5
pcsk5b	ENSCHAG00000019210	ENSCHAT00000047660	protein_coding	0	0	0	6	0	0	0	0	1	0	0	0	0	0	0	0	5
pcsk5b	ENSCHAG00000019210	ENSCHAT00000047746	protein_coding	0	0	0	6	0	0	0	0	1	0	0	0	0	0	0	0	5
pcsk5b	ENSCHAG00000019210	ENSCHAT00000047788	protein_coding	0	0	0	6	0	0	0	0	1	0	0	0	0	0	0	0	5
pcsk5b	ENSCHAG00000019210	ENSCHAT00000047976	protein_coding	0	0	0	6	0	0	0	0	1	0	0	0	0	0	0	0	5
pcsk5b	ENSCHAG00000019210	ENSCHAT00000048453	protein_coding	0	0	0	6	0	0	0	0	1	0	0	0	0	0	0	0	5
pcsk5b	ENSCHAG00000019210	ENSCHAT00000048540	protein_coding	0	0	0	6	0	0	0	0	1	0	0	0	0	0	0	0	5
pcsk5b	ENSCHAG00000019210	ENSCHAT00000048575	protein_coding	0	0	0	6	0	0	0	0	1	0	0	0	0	0	0	0	5
pcsk5b	ENSCHAG00000019210	ENSCHAT00000048724	protein_coding	0	0	0	6	0	0	0	0	1	0	0	0	0	0	0	0	5
pdlim2	ENSCHAG00000018351	ENSCHAT00000042346	protein_coding	0	0	0	2	0	0	0	2	0	0	0	0	0	0	0	0	0
pebp1	ENSCHAG00000007260	ENSCHAT00000014669	protein_coding	0	0	0	2	0	0	0	1	1	0	0	0	0	0	0	0	0
pebp1	ENSCHAG00000007260	ENSCHAT00000014688	protein_coding	0	0	0	2	0	0	0	1	1	0	0	0	0	0	0	0	0
pes	ENSCHAG00000003886	ENSCHAT00000007455	protein_coding	0	0	0	3	0	0	0	0	3	0	0	0	0	0	0	0	0
piwil1	ENSCHAG00000003970	ENSCHAT00000012832	protein_coding	0	7	2	59	0	0	0	2	56	2	0	0	1	0	0	6	2
piwil1	ENSCHAG00000003970	ENSCHAT00000013150	protein_coding	0	7	2	59	0	0	0	2	56	2	0	0	1	0	0	6	2
piwil1	ENSCHAG00000003970	ENSCHAT00000013225	protein_coding	0	7	2	59	0	0	0	2	56	2	0	0	1	0	0	6	2
piwil1	ENSCHAG00000003970	ENSCHAT00000013347	protein_coding	0	3	1	64	0	0	0	2	61	1	0	0	1	0	0	2	2
piwil1	ENSCHAG00000003970	ENSCHAT00000013455	protein_coding	0	7	3	58	0	0	0	2	54	3	0	0	1	0	0	6	3
piwil1	ENSCHAG00000003970	ENSCHAT00000013492	protein_coding	0	7	2	59	0	0	0	2	55	2	0	0	1	0	0	6	3
piwil1	ENSCHAG00000003970	ENSCHAT00000013536	protein_coding	0	7	2	58	0	0	0	2	55	2	0	0	1	0	0	6	2
piwil1	ENSCHAG00000003970	ENSCHAT00000013600	protein_coding	0	7	2	58	0	0	0	2	55	2	0	0	1	0	0	6	2
piwil1	ENSCHAG00000003970	ENSCHAT00000013648	protein_coding	0	6	3	58	0	0	0	2	55	3	0	0	1	0	0	5	2
piwil1	ENSCHAG00000003970	ENSCHAT00000013715	protein_coding	0	7	2	58	0	0	0	2	55	2	0	0	1	0	0	6	2
pnpla7b	ENSCHAG00000007722	ENSCHAT00000020285	protein_coding	0	0	1	13	0	0	0	1	6	1	0	0	0	0	0	0	6
pnpla7b	ENSCHAG00000007722	ENSCHAT00000021400	protein_coding	0	0	1	13	0	0	1	1	5	1	0	0	0	0	0	0	6
pnpla7b	ENSCHAG00000007722	ENSCHAT00000021577	protein_coding	0	0	1	13	0	0	0	1	6	1	0	0	0	0	0	0	6
pnpla7b	ENSCHAG00000007722	ENSCHAT00000021659	protein_coding	0	0	1	13	0	0	1	1	5	1	0	0	0	0	0	0	6
pnpla7b	ENSCHAG00000007722	ENSCHAT00000022155	protein_coding	0	0	1	13	0	0	0	1	6	1	0	0	0	0	0	0	6
pnpla7b	ENSCHAG00000007722	ENSCHAT00000022245	protein_coding	0	0	1	13	0	0	0	1	6	1	0	0	0	0	0	0	6
pnpla7b	ENSCHAG00000007722	ENSCHAT00000022282	protein_coding	0	0	1	13	0	0	0	1	6	1	0	0	0	0	0	0	6
pnpla7b	ENSCHAG00000007722	ENSCHAT00000022341	protein_coding	0	0	1	13	0	0	0	1	6	1	0	0	0	0	0	0	6
pnpla7b	ENSCHAG00000007722	ENSCHAT00000022612	protein_coding	0	0	1	13	0	0	0	1	5	1	0	0	0	0	0	0	7
pole	ENSCHAG00000002280	ENSCHAT00000004117	protein_coding	0	0	0	3	0	0	0	0	2	0	0	0	0	0	0	0	1
pole	ENSCHAG00000002280	ENSCHAT00000004203	protein_coding	0	0	0	3	0	0	0	0	2	0	0	0	0	0	0	0	1
pole	ENSCHAG00000002280	ENSCHAT00000004255	protein_coding	0	0	0	3	0	0	0	0	2	0	0	0	0	0	0	0	1
pole	ENSCHAG00000002280	ENSCHAT00000004388	protein_coding	0	0	0	3	0	0	0	0	2	0	0	0	0	0	0	0	1
pole	ENSCHAG00000002280	ENSCHAT00000004432	protein_coding	0	0	0	1	0	0	0	0	0	0	0	0	0	0	0	0	1
pole	ENSCHAG00000003048	ENSCHAT00000006019	protein_coding	0	0	0	5	0	0	0	2	3	0	0	0	0	0	0	0	0
pole	ENSCHAG00000003048	ENSCHAT00000006156	protein_coding	0	0	0	5	0	0	0	2	3	0	0	0	0	0	0	0	0
pole	ENSCHAG00000003048	ENSCHAT00000006233	protein_coding	0	0	0	5	0	0	0	2	3	0	0	0	0	0	0	0	0
pop5	ENSCHAG00000001964	ENSCHAT00000003370	protein_coding	0	0	0	7	0	0	0	1	5	0	0	0	0	0	0	0	1
pop5	ENSCHAG00000001964	ENSCHAT00000003381	protein_coding	0	0	0	7	0	0	0	1	5	0	0	0	0	0	0	0	1
pop5	ENSCHAG00000001964	ENSCHAT00000003422	protein_coding	0	0	0	3	0	0	0	1	0	0	0	0	0	0	0	0	2
pptc7b	ENSCHAG00000024380	ENSCHAT00000057853	protein_coding	0	2	0	12	0	0	0	1	4	0	0	0	0	0	0	2	7
pptc7b	ENSCHAG00000024380	ENSCHAT00000057860	protein_coding	0	2	0	12	0	0	0	1	4	0	0	0	0	0	0	2	7
prdm12b	ENSCHAG00000017775	ENSCHAT00000040982	protein_coding	0	0	0	1	1	0	0	0	0	0	0	0	0	0	0	0	0
prkab1b	ENSCHAG00000019720	ENSCHAT00000045768	protein_coding	0	1	0	19	1	0	0	4	5	0	0	0	0	0	0	1	9
prkg2	ENSCHAG00000000891	ENSCHAT00000001889	protein_coding	0	1	0	10	0	0	0	5	5	0	0	0	0	0	0	1	0
prkg2	ENSCHAG00000000891	ENSCHAT00000001951	protein_coding	0	1	0	10	0	0	0	5	5	0	0	0	0	0	0	1	0
prlhr2a	ENSCHAG00000017087	ENSCHAT00000039159	protein_coding	0	0	0	2	0	0	0	0	1	0	0	0	0	0	0	0	1
prlhr2a	ENSCHAG00000017087	ENSCHAT00000039189	protein_coding	0	0	0	2	0	0	0	0	0	0	0	0	0	0	0	0	2
ptgesl	ENSCHAG00000015273	ENSCHAT00000034658	protein_coding	0	0	0	10	0	0	0	5	1	0	0	0	0	0	0	0	4
purba	ENSCHAG00000002614	ENSCHAT00000004542	protein_coding	0	0	0	1	0	0	0	0	0	0	0	0	0	0	0	0	1
pxnb	ENSCHAG00000016789	ENSCHAT00000038400	protein_coding	0	0	0	7	0	0	0	3	2	0	0	0	0	0	0	0	2
ralgps1	ENSCHAG00000007191	ENSCHAT00000017555	protein_coding	0	0	0	36	1	0	0	3	32	0	0	0	0	0	0	0	0
ralgps1	ENSCHAG00000007191	ENSCHAT00000017609	protein_coding	0	0	0	30	0	0	0	1	29	0	0	0	0	0	0	0	0
ralgps1	ENSCHAG00000007191	ENSCHAT00000017753	protein_coding	0	0	0	32	1	0	0	3	26	0	0	0	0	0	0	0	2
ralgps1	ENSCHAG00000007191	ENSCHAT00000017877	protein_coding	0	0	0	32	1	0	0	3	26	0	0	0	0	0	0	0	2
ralgps1	ENSCHAG00000007191	ENSCHAT00000017929	protein_coding	0	0	0	32	1	0	0	3	25	0	0	0	0	0	0	0	3
ralgps1	ENSCHAG00000007191	ENSCHAT00000017961	protein_coding	0	0	0	32	1	0	0	3	25	0	0	0	0	0	0	0	3
ralgps1	ENSCHAG00000007191	ENSCHAT00000018052	protein_coding	0	0	0	32	1	0	0	3	25	0	0	0	0	0	0	0	3
rapgef1a	ENSCHAG00000024691	ENSCHAT00000058928	protein_coding	0	0	0	9	0	0	0	5	3	0	0	0	0	0	0	0	1
rapgef1a	ENSCHAG00000024691	ENSCHAT00000058973	protein_coding	0	0	0	9	0	0	0	5	3	0	0	0	0	0	0	0	1
rapgef1a	ENSCHAG00000024691	ENSCHAT00000059066	protein_coding	0	0	0	9	0	0	0	5	3	0	0	0	0	0	0	0	1
rapgef1a	ENSCHAG00000024691	ENSCHAT00000059122	protein_coding	0	0	0	9	0	0	0	5	3	0	0	0	0	0	0	0	1
rapgef1a	ENSCHAG00000024691	ENSCHAT00000059161	protein_coding	0	0	1	8	0	0	0	5	2	1	0	0	0	0	0	0	1
rapgef1a	ENSCHAG00000024691	ENSCHAT00000059184	protein_coding	0	0	1	8	0	0	0	5	2	1	0	0	0	0	0	0	1
rassf2a	ENSCHAG00000004729	ENSCHAT00000008705	protein_coding	0	0	0	12	3	0	0	8	1	0	0	0	0	0	0	0	0
rassf2a	ENSCHAG00000004729	ENSCHAT00000008782	protein_coding	0	0	0	12	3	0	0	8	1	0	0	0	0	0	0	0	0
rassf2a	ENSCHAG00000004729	ENSCHAT00000008824	protein_coding	0	0	0	12	3	0	0	8	1	0	0	0	0	0	0	0	0
rfc5	ENSCHAG00000007320	ENSCHAT00000014847	protein_coding	0	0	0	6	0	0	0	4	2	0	0	0	0	0	0	0	0
rfc5	ENSCHAG00000007320	ENSCHAT00000014860	protein_coding	0	0	0	6	0	0	0	4	2	0	0	0	0	0	0	0	0
rfc5	ENSCHAG00000007320	ENSCHAT00000014887	protein_coding	0	0	0	3	0	0	0	1	2	0	0	0	0	0	0	0	0
rgs3b	ENSCHAG00000017296	ENSCHAT00000039742	protein_coding	0	1	0	19	3	0	0	0	15	0	0	0	0	0	0	1	1
rgs3b	ENSCHAG00000017296	ENSCHAT00000039787	protein_coding	0	1	0	16	3	0	0	0	10	0	0	0	0	0	0	1	3
rgs3b	ENSCHAG00000017296	ENSCHAT00000039827	protein_coding	0	1	0	13	3	0	0	0	8	0	0	0	0	0	0	1	2
rgs3b	ENSCHAG00000017296	ENSCHAT00000039850	protein_coding	0	1	0	11	3	0	1	0	7	0	0	0	0	0	0	1	0
rgs3b	ENSCHAG00000017296	ENSCHAT00000040536	protein_coding	0	0	0	5	0	0	0	2	3	0	0	0	0	0	0	0	0
rgs3b	ENSCHAG00000017296	ENSCHAT00000040552	protein_coding	0	0	0	5	0	0	0	2	3	0	0	0	0	0	0	0	0
rgs3b	ENSCHAG00000017296	ENSCHAT00000040576	protein_coding	0	0	0	5	0	0	0	2	3	0	0	0	0	0	0	0	0
rgs3b	ENSCHAG00000017296	ENSCHAT00000040595	protein_coding	0	0	0	5	0	0	0	2	3	0	0	0	0	0	0	0	0
rgs3b	ENSCHAG00000017296	ENSCHAT00000040620	protein_coding	0	0	0	5	0	0	0	2	3	0	0	0	0	0	0	0	0
rgs3b	ENSCHAG00000017296	ENSCHAT00000040637	protein_coding	0	0	0	5	0	0	0	2	3	0	0	0	0	0	0	0	0
rmi1	ENSCHAG00000024700	ENSCHAT00000058669	protein_coding	0	0	0	2	0	0	1	0	0	0	0	0	0	0	0	0	1
rnf10	ENSCHAG00000001227	ENSCHAT00000002424	protein_coding	0	0	0	10	0	0	0	0	10	0	0	0	0	0	0	0	0
rnf10	ENSCHAG00000001227	ENSCHAT00000002554	protein_coding	0	0	0	10	0	0	0	0	10	0	0	0	0	0	0	0	0
rnf10	ENSCHAG00000001227	ENSCHAT00000002645	protein_coding	0	0	0	5	0	0	0	0	5	0	0	0	0	0	0	0	0
rnf10	ENSCHAG00000001227	ENSCHAT00000002711	protein_coding	0	0	0	5	0	0	0	0	5	0	0	0	0	0	0	0	0
rnf10	ENSCHAG00000001227	ENSCHAT00000002843	protein_coding	0	0	0	5	0	0	0	0	5	0	0	0	0	0	0	0	0
rnf10	ENSCHAG00000001227	ENSCHAT00000002911	protein_coding	0	0	0	4	0	0	0	0	4	0	0	0	0	0	0	0	0
rnf10	ENSCHAG00000001227	ENSCHAT00000003025	protein_coding	0	0	0	4	0	0	0	0	4	0	0	0	0	0	0	0	0
rnf10	ENSCHAG00000001227	ENSCHAT00000003074	protein_coding	0	0	0	4	0	0	0	2	2	0	0	0	0	0	0	0	0
rnf10	ENSCHAG00000001227	ENSCHAT00000003176	protein_coding	0	0	0	4	0	0	0	2	2	0	0	0	0	0	0	0	0
rnf10	ENSCHAG00000001227	ENSCHAT00000003209	protein_coding	0	0	0	4	0	0	0	2	2	0	0	0	0	0	0	0	0
rnf215	ENSCHAG00000001960	ENSCHAT00000003388	protein_coding	0	0	0	4	0	0	0	2	1	0	0	0	0	0	0	0	1
sec14l8	ENSCHAG00000001998	ENSCHAT00000004094	protein_coding	0	0	0	3	0	0	0	1	1	0	0	0	0	0	0	0	1
sec14l8	ENSCHAG00000001998	ENSCHAT00000004129	protein_coding	0	0	0	3	0	0	0	1	1	0	0	0	0	0	0	0	1
sec14l8	ENSCHAG00000001998	ENSCHAT00000004179	protein_coding	0	0	0	5	0	0	0	2	2	0	0	0	0	0	0	0	1
sec14l8	ENSCHAG00000001998	ENSCHAT00000004292	protein_coding	0	0	0	5	0	0	0	2	2	0	0	0	0	0	0	0	1
seta	ENSCHAG00000015839	ENSCHAT00000036076	protein_coding	0	0	0	5	0	0	0	1	1	0	0	0	0	0	0	0	3
seta	ENSCHAG00000015839	ENSCHAT00000036085	protein_coding	0	0	0	5	0	0	0	1	1	0	0	0	0	0	0	0	3
sh3glb2a	ENSCHAG00000016391	ENSCHAT00000037489	protein_coding	0	1	0	13	0	0	1	6	4	0	0	0	0	0	0	1	2
sh3glb2a	ENSCHAG00000016391	ENSCHAT00000037517	protein_coding	0	1	0	13	0	0	0	6	5	0	0	0	0	0	0	1	2
sh3glb2a	ENSCHAG00000016391	ENSCHAT00000037536	protein_coding	0	1	0	13	0	0	0	6	5	0	0	0	0	0	0	1	2
si:ch1073-392o20.1	ENSCHAG00000013422	ENSCHAT00000030163	protein_coding	0	0	0	17	1	0	0	5	9	0	0	0	0	0	0	0	2
si:ch211-158d24.2	ENSCHAG00000002926	ENSCHAT00000005030	protein_coding	0	0	0	15	2	0	0	0	10	0	0	0	0	0	0	0	3
si:ch211-170d8.2	ENSCHAG00000020036	ENSCHAT00000046559	protein_coding	0	0	0	9	0	0	0	2	0	0	0	0	0	0	0	0	7
si:ch211-215c18.3	ENSCHAG00000014001	ENSCHAT00000031612	protein_coding	0	0	0	32	1	0	1	0	6	0	0	0	0	0	0	0	24
si:ch211-251j10.3	ENSCHAG00000014852	ENSCHAT00000034336	protein_coding	0	1	0	25	3	0	0	1	20	0	0	0	0	0	0	1	1
si:ch211-251j10.3	ENSCHAG00000014852	ENSCHAT00000034370	protein_coding	0	1	0	24	3	0	0	1	20	0	0	0	0	0	0	1	0
si:ch211-251j10.3	ENSCHAG00000014852	ENSCHAT00000034484	protein_coding	0	0	0	25	3	0	0	1	17	0	0	0	0	0	0	0	4
si:ch211-251j10.3	ENSCHAG00000014852	ENSCHAT00000034526	protein_coding	0	0	0	25	3	0	0	1	17	0	0	0	0	0	0	0	4
si:ch211-251j10.3	ENSCHAG00000014852	ENSCHAT00000034574	protein_coding	0	0	0	25	3	0	0	1	17	0	0	0	0	0	0	0	4
si:ch211-251j10.3	ENSCHAG00000014852	ENSCHAT00000034624	protein_coding	0	0	0	21	3	0	0	1	9	0	0	0	0	0	0	0	8
si:ch73-138n13.1	ENSCHAG00000018733	ENSCHAT00000043225	protein_coding	0	0	3	113	0	0	0	6	104	3	0	0	0	0	0	0	3
si:ch73-138n13.1	ENSCHAG00000018733	ENSCHAT00000043243	protein_coding	0	0	3	23	0	0	0	3	17	3	0	0	0	0	0	0	3
si:dkey-13n15.2	ENSCHAG00000002882	ENSCHAT00000004937	protein_coding	0	1	0	4	0	1	2	0	0	0	0	0	0	0	0	0	2
si:dkey-166k12.1	ENSCHAG00000018514	ENSCHAT00000043082	protein_coding	0	1	0	2	1	0	0	0	1	0	0	0	0	0	0	1	0
si:dkey-166k12.1	ENSCHAG00000018514	ENSCHAT00000043111	protein_coding	0	0	0	3	0	0	0	2	1	0	0	0	0	0	0	0	0
si:dkey-174n20.1	ENSCHAG00000004253	ENSCHAT00000007708	protein_coding	0	0	0	10	0	0	0	1	0	0	0	0	0	0	0	0	9
si:dkey-174n20.1	ENSCHAG00000004253	ENSCHAT00000007739	protein_coding	0	0	0	10	0	0	0	1	0	0	0	0	0	0	0	0	9
si:dkey-1k23.3	ENSCHAG00000005025	ENSCHAT00000009372	protein_coding	0	0	0	3	0	0	0	2	0	0	0	0	0	0	0	0	1
si:dkey-1k23.3	ENSCHAG00000005025	ENSCHAT00000009392	protein_coding	0	0	0	2	0	0	0	2	0	0	0	0	0	0	0	0	0
si:dkey-222h21.12	ENSCHAG00000000246	ENSCHAT00000000454	protein_coding	0	0	0	6	0	0	0	0	6	0	0	0	0	0	0	0	0
si:dkey-222h21.12	ENSCHAG00000000246	ENSCHAT00000000464	protein_coding	0	0	0	6	0	0	0	0	5	0	0	0	0	0	0	0	1
si:dkey-91m11.5	ENSCHAG00000020003	ENSCHAT00000048781	protein_coding	0	0	0	13	3	0	0	2	7	0	0	0	0	0	0	0	1
si:dkey-91m11.5	ENSCHAG00000020003	ENSCHAT00000048847	protein_coding	0	0	0	13	3	0	0	2	7	0	0	0	0	0	0	0	1
si:dkey-91m11.5	ENSCHAG00000020003	ENSCHAT00000048881	protein_coding	0	0	0	13	3	0	0	2	7	0	0	0	0	0	0	0	1
si:dkey-91m11.5	ENSCHAG00000020003	ENSCHAT00000048891	protein_coding	0	0	0	11	0	0	0	3	7	0	0	0	0	0	0	0	1
si:dkey-91m11.5	ENSCHAG00000020003	ENSCHAT00000049023	protein_coding	0	0	0	13	3	0	0	2	7	0	0	0	0	0	0	0	1
si:dkey-91m11.5	ENSCHAG00000020003	ENSCHAT00000049064	protein_coding	0	0	0	13	3	0	0	2	7	0	0	0	0	0	0	0	1
si:dkey-91m11.5	ENSCHAG00000020003	ENSCHAT00000049102	protein_coding	0	0	0	13	3	0	0	2	7	0	0	0	0	0	0	0	1
si:dkey-98f17.5	ENSCHAG00000007570	ENSCHAT00000015481	protein_coding	0	0	0	3	0	0	0	0	3	0	0	0	0	0	0	0	0
si:dkeyp-14d3.1	ENSCHAG00000003015	ENSCHAT00000005320	protein_coding	0	0	0	49	0	0	0	5	41	0	0	0	0	0	0	0	3
si:dkeyp-14d3.1	ENSCHAG00000003015	ENSCHAT00000005368	protein_coding	0	0	0	18	0	0	0	5	13	0	0	0	0	0	0	0	0
slc15a4	ENSCHAG00000003143	ENSCHAT00000005412	protein_coding	0	0	0	25	0	0	0	2	18	0	0	0	0	0	0	0	5
slc16a13	ENSCHAG00000016669	ENSCHAT00000038042	protein_coding	0	0	0	4	0	0	0	2	1	0	0	0	0	0	0	0	1
slc20a1a	ENSCHAG00000005240	ENSCHAT00000010531	protein_coding	0	0	0	6	0	0	0	0	6	0	0	0	0	0	0	0	0
slc20a1a	ENSCHAG00000005240	ENSCHAT00000010589	protein_coding	0	0	0	6	0	0	0	0	6	0	0	0	0	0	0	0	0
slc20a1a	ENSCHAG00000005240	ENSCHAT00000010631	protein_coding	0	0	0	6	0	0	0	0	6	0	0	0	0	0	0	0	0
slc20a1a	ENSCHAG00000005240	ENSCHAT00000010662	protein_coding	0	0	0	6	0	0	0	0	6	0	0	0	0	0	0	0	0
slc20a1a	ENSCHAG00000005240	ENSCHAT00000010794	protein_coding	0	0	0	6	0	0	0	0	6	0	0	0	0	0	0	0	0
slc20a1a	ENSCHAG00000005240	ENSCHAT00000010837	protein_coding	0	0	0	6	0	0	0	0	6	0	0	0	0	0	0	0	0
slc20a1a	ENSCHAG00000005240	ENSCHAT00000010863	protein_coding	0	0	0	6	0	0	0	0	6	0	0	0	0	0	0	0	0
slc20a1a	ENSCHAG00000005240	ENSCHAT00000010874	protein_coding	0	0	0	6	0	0	0	0	6	0	0	0	0	0	0	0	0
slc20a1a	ENSCHAG00000005240	ENSCHAT00000010975	protein_coding	0	0	0	6	3	0	0	1	2	0	0	0	0	0	0	0	0
slc20a2	ENSCHAG00000018853	ENSCHAT00000043820	protein_coding	0	0	0	4	0	0	0	2	1	0	0	0	0	0	0	0	1
slc20a2	ENSCHAG00000018853	ENSCHAT00000043831	protein_coding	0	0	0	4	0	0	0	2	1	0	0	0	0	0	0	0	1
slc20a2	ENSCHAG00000018853	ENSCHAT00000043844	protein_coding	0	0	0	2	0	0	0	0	1	0	0	0	0	0	0	0	1
slc23a2	ENSCHAG00000001333	ENSCHAT00000007037	protein_coding	0	0	0	2	0	0	0	1	1	0	0	0	0	0	0	0	0
slc23a2	ENSCHAG00000001333	ENSCHAT00000007551	protein_coding	0	0	0	4	0	0	0	1	1	0	0	0	0	0	0	0	2
slc23a2	ENSCHAG00000001333	ENSCHAT00000008026	protein_coding	0	0	0	4	0	0	0	1	3	0	0	0	0	0	0	0	0
slc23a2	ENSCHAG00000001333	ENSCHAT00000008084	protein_coding	0	0	0	4	0	0	0	1	3	0	0	0	0	0	0	0	0
slc23a2	ENSCHAG00000001333	ENSCHAT00000008267	protein_coding	0	1	0	3	0	0	0	1	2	0	0	0	0	0	0	1	0
slc23a2	ENSCHAG00000001333	ENSCHAT00000008319	protein_coding	0	0	1	3	0	0	0	1	2	1	0	0	0	0	0	0	0
slc23a2	ENSCHAG00000001333	ENSCHAT00000008356	protein_coding	0	0	0	4	0	0	0	1	1	0	0	0	0	0	0	0	2
slc23a2	ENSCHAG00000001333	ENSCHAT00000008378	protein_coding	0	0	0	2	0	0	0	1	1	0	0	0	0	0	0	0	0
slc23a2	ENSCHAG00000001333	ENSCHAT00000008596	protein_coding	0	0	0	4	0	0	0	1	1	0	0	0	0	0	0	0	2
snrnp200	ENSCHAG00000004918	ENSCHAT00000009139	protein_coding	0	1	0	14	0	0	0	5	4	0	0	0	0	0	0	1	5
snrnp200	ENSCHAG00000004918	ENSCHAT00000009468	protein_coding	0	1	0	14	0	0	0	5	4	0	0	0	0	0	0	1	5
snrnp200	ENSCHAG00000004918	ENSCHAT00000009510	protein_coding	0	1	0	14	0	0	0	5	4	0	0	0	0	0	0	1	5
snrnp200	ENSCHAG00000004918	ENSCHAT00000009552	protein_coding	0	1	0	14	0	0	0	5	4	0	0	0	0	0	0	1	5
snrnp200	ENSCHAG00000004918	ENSCHAT00000009590	protein_coding	0	1	0	14	0	0	0	5	4	0	0	0	0	0	0	1	5
snrnp200	ENSCHAG00000004918	ENSCHAT00000009601	protein_coding	0	1	0	14	0	1	1	4	4	0	0	0	0	0	0	0	5
snrnp200	ENSCHAG00000004918	ENSCHAT00000009643	protein_coding	0	1	0	12	0	1	1	3	3	0	0	0	0	0	0	0	5
snrnp200	ENSCHAG00000004918	ENSCHAT00000009704	protein_coding	0	1	0	6	0	0	0	0	1	0	0	0	0	0	0	1	5
snrpd3	ENSCHAG00000001473	ENSCHAT00000002352	protein_coding	0	0	0	5	0	0	0	5	0	0	0	0	0	0	0	0	0
sorbs3	ENSCHAG00000018358	ENSCHAT00000042360	protein_coding	0	0	1	11	0	0	0	0	7	1	0	0	0	0	0	0	4
spaca9	ENSCHAG00000014318	ENSCHAT00000032400	protein_coding	0	0	0	5	0	0	1	1	0	0	0	0	0	0	0	0	3
spaca9	ENSCHAG00000014318	ENSCHAT00000032415	protein_coding	0	0	0	5	0	0	1	1	0	0	0	0	0	0	0	0	3
specc1la	ENSCHAG00000021127	ENSCHAT00000050500	protein_coding	0	0	0	8	0	0	0	5	3	0	0	0	0	0	0	0	0
specc1la	ENSCHAG00000021127	ENSCHAT00000050540	protein_coding	0	0	0	8	0	0	0	5	3	0	0	0	0	0	0	0	0
specc1la	ENSCHAG00000021127	ENSCHAT00000050579	protein_coding	0	0	0	8	0	0	0	5	3	0	0	0	0	0	0	0	0
specc1la	ENSCHAG00000021127	ENSCHAT00000050596	protein_coding	0	0	0	8	0	0	0	5	1	0	0	0	0	0	0	0	2
specc1la	ENSCHAG00000021127	ENSCHAT00000050634	protein_coding	0	0	0	8	0	0	0	5	1	0	0	0	0	0	0	0	2
srrm4	ENSCHAG00000005099	ENSCHAT00000009519	protein_coding	0	0	0	22	0	0	0	3	17	0	0	0	0	0	0	0	2
stxbp1b	ENSCHAG00000012760	ENSCHAT00000037351	protein_coding	0	0	0	12	0	0	0	3	3	0	0	0	0	0	0	0	6
stxbp1b	ENSCHAG00000012760	ENSCHAT00000037787	protein_coding	0	0	0	12	0	0	0	3	3	0	0	0	0	0	0	0	6
stxbp1b	ENSCHAG00000012760	ENSCHAT00000037821	protein_coding	0	0	0	12	0	0	0	3	3	0	0	0	0	0	0	0	6
stxbp1b	ENSCHAG00000012760	ENSCHAT00000037901	protein_coding	0	0	0	6	0	0	0	3	2	0	0	0	0	0	0	0	1
stxbp1b	ENSCHAG00000012760	ENSCHAT00000038151	protein_coding	0	0	0	6	0	0	0	3	2	0	0	0	0	0	0	0	1
stxbp1b	ENSCHAG00000012760	ENSCHAT00000038161	protein_coding	0	0	0	6	0	0	0	3	2	0	0	0	0	0	0	0	1
stxbp1b	ENSCHAG00000012760	ENSCHAT00000038284	protein_coding	0	0	0	6	0	0	0	3	2	0	0	0	0	0	0	0	1
stxbp1b	ENSCHAG00000012760	ENSCHAT00000038348	protein_coding	0	0	0	6	0	0	0	3	2	0	0	0	0	0	0	0	1
stxbp1b	ENSCHAG00000012760	ENSCHAT00000038436	protein_coding	0	0	0	6	0	0	0	3	2	0	0	0	0	0	0	0	1
stxbp1b	ENSCHAG00000012760	ENSCHAT00000038449	protein_coding	0	0	0	6	0	0	0	3	2	0	0	0	0	0	0	0	1
suds3	ENSCHAG00000005153	ENSCHAT00000010421	protein_coding	0	0	0	9	0	0	0	2	3	0	0	0	0	0	0	0	4
suds3	ENSCHAG00000005153	ENSCHAT00000010467	protein_coding	0	0	0	9	0	0	0	2	3	0	0	0	0	0	0	0	4
suds3	ENSCHAG00000005153	ENSCHAT00000010535	protein_coding	0	0	0	9	0	0	0	2	3	0	0	0	0	0	0	0	4
suds3	ENSCHAG00000005153	ENSCHAT00000010576	protein_coding	0	0	0	9	0	0	0	2	3	0	0	0	0	0	0	0	4
syn1	ENSCHAG00000005778	ENSCHAT00000011983	protein_coding	0	0	0	4	0	0	0	0	4	0	0	0	0	0	0	0	0
syn1	ENSCHAG00000005778	ENSCHAT00000012000	protein_coding	0	0	0	4	0	0	0	0	4	0	0	0	0	0	0	0	0
syn1	ENSCHAG00000005778	ENSCHAT00000012012	protein_coding	0	0	0	4	0	0	0	0	4	0	0	0	0	0	0	0	0
syn1	ENSCHAG00000005778	ENSCHAT00000012021	protein_coding	0	0	0	4	0	0	0	0	4	0	0	0	0	0	0	0	0
syn1	ENSCHAG00000005778	ENSCHAT00000012042	protein_coding	0	0	0	4	0	0	0	0	4	0	0	0	0	0	0	0	0
syn1	ENSCHAG00000005778	ENSCHAT00000012059	protein_coding	0	0	0	4	0	0	0	0	4	0	0	0	0	0	0	0	0
syn1	ENSCHAG00000005778	ENSCHAT00000012080	protein_coding	0	0	0	4	0	0	0	0	4	0	0	0	0	0	0	0	0
syn1	ENSCHAG00000005778	ENSCHAT00000012131	protein_coding	0	0	0	4	0	0	0	0	4	0	0	0	0	0	0	0	0
sytl1	ENSCHAG00000018364	ENSCHAT00000042383	protein_coding	0	1	1	15	0	0	0	3	10	1	0	0	0	0	0	1	2
taok3a	ENSCHAG00000005626	ENSCHAT00000013930	protein_coding	0	0	0	27	0	0	0	1	20	0	0	0	0	0	0	0	6
taok3a	ENSCHAG00000005626	ENSCHAT00000013972	protein_coding	0	0	0	27	0	0	0	1	20	0	0	0	0	0	0	0	6
taok3a	ENSCHAG00000005626	ENSCHAT00000014045	protein_coding	0	0	0	27	0	0	0	1	20	0	0	0	0	0	0	0	6
taok3a	ENSCHAG00000005626	ENSCHAT00000014073	protein_coding	0	0	0	27	0	0	0	1	20	0	0	0	0	0	0	0	6
taok3a	ENSCHAG00000005626	ENSCHAT00000014270	protein_coding	0	0	0	27	0	0	0	1	20	0	0	0	0	0	0	0	6
taok3a	ENSCHAG00000005626	ENSCHAT00000014287	protein_coding	0	0	0	27	0	0	0	1	20	0	0	0	0	0	0	0	6
taok3a	ENSCHAG00000005626	ENSCHAT00000014313	protein_coding	0	0	0	27	0	0	0	1	20	0	0	0	0	0	0	0	6
taok3a	ENSCHAG00000005626	ENSCHAT00000014411	protein_coding	0	0	0	27	0	0	0	1	20	0	0	0	0	0	0	0	6
taok3a	ENSCHAG00000005626	ENSCHAT00000014480	protein_coding	0	0	0	17	0	0	0	1	13	0	0	0	0	0	0	0	3
taok3a	ENSCHAG00000005626	ENSCHAT00000014574	protein_coding	0	0	0	17	0	0	0	1	13	0	0	0	0	0	0	0	3
tmem127	ENSCHAG00000014335	ENSCHAT00000032454	protein_coding	0	0	0	9	0	0	0	1	3	0	0	0	0	0	0	0	5
traf2a	ENSCHAG00000002101	ENSCHAT00000003829	protein_coding	0	0	0	2	0	0	0	0	1	0	0	0	0	0	0	0	1
traf2a	ENSCHAG00000002101	ENSCHAT00000003907	protein_coding	0	0	0	2	0	0	0	0	1	0	0	0	0	0	0	0	1
traf2a	ENSCHAG00000002101	ENSCHAT00000003957	protein_coding	0	0	0	2	0	0	0	0	1	0	0	0	0	0	0	0	1
tsc1a	ENSCHAG00000014348	ENSCHAT00000032437	protein_coding	0	2	1	11	0	0	1	3	7	1	0	0	0	0	0	2	0
unc119.1	ENSCHAG00000000750	ENSCHAT00000001186	protein_coding	0	0	0	12	0	0	0	7	3	0	0	0	0	0	0	0	2
unm_hu7912	ENSCHAG00000006216	ENSCHAT00000012162	protein_coding	0	0	0	4	0	0	0	3	0	0	0	0	0	0	0	0	1
upb1	ENSCHAG00000000959	ENSCHAT00000001971	protein_coding	0	0	0	10	0	0	0	0	8	0	0	0	0	0	0	0	2
upb1	ENSCHAG00000000959	ENSCHAT00000002037	protein_coding	0	0	0	10	0	0	0	0	8	0	0	0	0	0	0	0	2
upb1	ENSCHAG00000000959	ENSCHAT00000002057	protein_coding	0	0	0	10	0	0	0	0	8	0	0	0	0	0	0	0	2
upb1	ENSCHAG00000000959	ENSCHAT00000002090	protein_coding	0	0	0	8	0	0	0	0	8	0	0	0	0	0	0	0	0
upb1	ENSCHAG00000000959	ENSCHAT00000002161	protein_coding	0	0	1	7	0	0	0	0	7	1	0	0	0	0	0	0	0
vgll4l	ENSCHAG00000005733	ENSCHAT00000011043	protein_coding	0	0	0	5	0	0	0	1	4	0	0	0	0	0	0	0	0
vgll4l	ENSCHAG00000005733	ENSCHAT00000011062	protein_coding	0	0	0	5	0	0	0	1	4	0	0	0	0	0	0	0	0
vgll4l	ENSCHAG00000005733	ENSCHAT00000011075	protein_coding	0	0	0	5	0	0	0	1	4	0	0	0	0	0	0	0	0
vps13a	ENSCHAG00000021136	ENSCHAT00000056928	protein_coding	0	0	0	4	0	0	0	2	1	0	0	0	0	0	0	0	1
vps13a	ENSCHAG00000021136	ENSCHAT00000057159	protein_coding	0	0	0	3	0	0	0	1	1	0	0	0	0	0	0	0	1
vps13a	ENSCHAG00000021136	ENSCHAT00000057321	protein_coding	0	0	0	3	0	0	0	1	1	0	0	0	0	0	0	0	1
vps13a	ENSCHAG00000021136	ENSCHAT00000057361	protein_coding	0	0	0	2	0	0	0	0	1	0	0	0	0	0	0	0	1
vps13a	ENSCHAG00000021136	ENSCHAT00000057463	protein_coding	0	0	0	2	0	0	0	0	1	0	0	0	0	0	0	0	1
vps13a	ENSCHAG00000021136	ENSCHAT00000057486	protein_coding	0	0	0	2	0	0	0	0	1	0	0	0	0	0	0	0	1
vps13a	ENSCHAG00000021136	ENSCHAT00000057503	protein_coding	0	0	0	2	0	0	0	0	1	0	0	0	0	0	0	0	1
vps13a	ENSCHAG00000021136	ENSCHAT00000057607	protein_coding	0	0	0	1	0	0	0	0	1	0	0	0	0	0	0	0	0
vps13a	ENSCHAG00000021136	ENSCHAT00000057757	protein_coding	0	0	0	1	0	0	0	0	1	0	0	0	0	0	0	0	0
vsig8b	ENSCHAG00000018504	ENSCHAT00000042676	protein_coding	0	0	0	14	0	0	0	4	1	0	0	0	0	0	0	0	9
wsb2	ENSCHAG00000007310	ENSCHAT00000014736	protein_coding	0	0	0	6	0	0	0	1	1	0	0	0	0	0	0	0	4
zbtb34	ENSCHAG00000007135	ENSCHAT00000014325	protein_coding	0	0	0	2	0	0	0	2	0	0	0	0	0	0	0	0	0
zdhhc12a	ENSCHAG00000015883	ENSCHAT00000036298	protein_coding	0	0	0	4	0	0	0	2	2	0	0	0	0	0	0	0	0
zdhhc12a	ENSCHAG00000015883	ENSCHAT00000036312	protein_coding	0	0	0	4	0	0	0	2	1	0	0	0	0	0	0	0	1
zgc:110239	ENSCHAG00000018378	ENSCHAT00000042581	protein_coding	0	2	0	6	0	0	0	0	4	0	0	0	0	0	0	2	2
zgc:136564	ENSCHAG00000024727	ENSCHAT00000058756	protein_coding	0	0	0	2	0	0	0	2	0	0	0	0	0	0	0	0	0
zgc:136963	ENSCHAG00000016738	ENSCHAT00000038210	protein_coding	0	0	0	5	0	0	0	4	0	0	0	0	0	0	0	0	1
zgc:154046	ENSCHAG00000011270	ENSCHAT00000029495	protein_coding	0	1	0	8	0	0	0	1	7	0	0	0	0	0	0	1	0
zgc:154046	ENSCHAG00000011270	ENSCHAT00000029632	protein_coding	0	1	0	8	0	0	0	1	7	0	0	0	0	0	0	1	0
zgc:154046	ENSCHAG00000011270	ENSCHAT00000029780	protein_coding	0	1	0	8	0	0	0	1	7	0	0	0	0	0	0	1	0
zgc:154046	ENSCHAG00000011270	ENSCHAT00000029850	protein_coding	0	1	0	8	0	0	0	1	7	0	0	0	0	0	0	1	0
zgc:154046	ENSCHAG00000011270	ENSCHAT00000029910	protein_coding	0	1	0	8	0	0	0	1	7	0	0	0	0	0	0	1	0
zgc:154046	ENSCHAG00000011270	ENSCHAT00000029947	protein_coding	0	1	0	8	0	0	0	1	7	0	0	0	0	0	0	1	0
zgc:154046	ENSCHAG00000011270	ENSCHAT00000029979	protein_coding	0	1	0	8	0	0	0	1	7	0	0	0	0	0	0	1	0
zgc:154046	ENSCHAG00000011270	ENSCHAT00000030026	protein_coding	0	1	1	7	0	0	0	1	6	1	0	0	0	0	0	1	0
zgc:154046	ENSCHAG00000011270	ENSCHAT00000030048	protein_coding	0	1	0	8	0	0	0	1	6	0	0	0	0	0	0	1	1
zgc:154046	ENSCHAG00000011270	ENSCHAT00000030069	protein_coding	0	1	0	8	0	0	0	1	6	0	0	0	0	0	0	1	1
zgc:162025	ENSCHAG00000020103	ENSCHAT00000046695	protein_coding	0	0	0	6	0	0	0	3	0	0	0	0	0	0	0	0	3
zgc:162952	ENSCHAG00000002000	ENSCHAT00000003473	protein_coding	0	1	0	7	0	0	0	5	0	0	0	0	0	0	0	1	2
zgc:194202	ENSCHAG00000001847	ENSCHAT00000003109	protein_coding	0	0	0	7	0	0	0	0	3	0	0	0	0	0	0	0	4
znrf3	ENSCHAG00000004891	ENSCHAT00000009001	protein_coding	0	0	0	4	0	0	0	2	2	0	0	0	0	0	0	0	0
